Time: 0
Waiting clients: (50 1 6)(54 2 6)(5 3 3)(26 7 4)(91 8 6)(29 8 8)(6 10 7)(61 10 8)(93 17 7)(99 17 8)(30 18 5)(57 18 6)(38 18 7)(20 19 6)(86 21 6)(55 25 6)(75 25 9)(8 26 6)(58 27 9)(15 29 3)(23 29 8)(40 30 6)(2 30 7)(95 30 7)(65 31 5)(88 31 7)(82 35 9)(59 36 9)(51 37 7)(46 38 8)(44 39 3)(37 39 5)(33 40 5)(68 41 4)(42 43 4)(17 43 5)(52 43 7)(64 43 8)(67 44 9)(41 45 4)(28 45 9)(100 46 4)(71 47 6)(13 48 6)(34 49 9)(27 50 7)(73 50 8)(60 50 9)(48 52 6)(77 53 4)(62 53 5)(94 54 3)(19 54 4)(70 54 5)(80 54 5)(76 54 6)(84 56 8)(56 57 5)(3 57 8)(69 57 8)(35 58 5)(47 58 7)(10 59 6)(16 61 4)(1 62 7)(31 62 7)(78 63 8)(12 66 7)(79 68 7)(21 69 9)(66 70 3)(36 71 8)(90 71 8)(11 72 6)(18 72 6)(81 73 4)(83 75 3)(14 75 4)(24 75 7)(92 75 8)(43 79 5)(7 80 8)(87 80 8)(72 83 5)(89 84 3)(74 85 3)(98 87 5)(96 88 7)(97 89 5)(25 91 5)(22 92 9)(53 93 3)(4 93 5)(45 94 3)(85 95 9)(39 97 8)(9 97 9)(32 98 4)(49 98 6)(63 99 8)
Queue 1:closed
Queue 2:closed
Queue 3:closed
Queue 4:closed
Queue 5:closed
Queue 6:closed
Queue 7:closed
Queue 8:closed
Queue 9:closed
Queue 10:closed
Queue 11:closed
Queue 12:closed
Queue 13:closed
Queue 14:closed
Queue 15:closed
Queue 16:closed
Queue 17:closed
Queue 18:closed
Queue 19:closed
Queue 20:closed
Time: 1
Waiting clients: (54 2 6)(5 3 3)(26 7 4)(91 8 6)(29 8 8)(6 10 7)(61 10 8)(93 17 7)(99 17 8)(30 18 5)(57 18 6)(38 18 7)(20 19 6)(86 21 6)(55 25 6)(75 25 9)(8 26 6)(58 27 9)(15 29 3)(23 29 8)(40 30 6)(2 30 7)(95 30 7)(65 31 5)(88 31 7)(82 35 9)(59 36 9)(51 37 7)(46 38 8)(44 39 3)(37 39 5)(33 40 5)(68 41 4)(42 43 4)(17 43 5)(52 43 7)(64 43 8)(67 44 9)(41 45 4)(28 45 9)(100 46 4)(71 47 6)(13 48 6)(34 49 9)(27 50 7)(73 50 8)(60 50 9)(48 52 6)(77 53 4)(62 53 5)(94 54 3)(19 54 4)(70 54 5)(80 54 5)(76 54 6)(84 56 8)(56 57 5)(3 57 8)(69 57 8)(35 58 5)(47 58 7)(10 59 6)(16 61 4)(1 62 7)(31 62 7)(78 63 8)(12 66 7)(79 68 7)(21 69 9)(66 70 3)(36 71 8)(90 71 8)(11 72 6)(18 72 6)(81 73 4)(83 75 3)(14 75 4)(24 75 7)(92 75 8)(43 79 5)(7 80 8)(87 80 8)(72 83 5)(89 84 3)(74 85 3)(98 87 5)(96 88 7)(97 89 5)(25 91 5)(22 92 9)(53 93 3)(4 93 5)(45 94 3)(85 95 9)(39 97 8)(9 97 9)(32 98 4)(49 98 6)(63 99 8)
Queue 1:(50 1 6)
Queue 2:closed
Queue 3:closed
Queue 4:closed
Queue 5:closed
Queue 6:closed
Queue 7:closed
Queue 8:closed
Queue 9:closed
Queue 10:closed
Queue 11:closed
Queue 12:closed
Queue 13:closed
Queue 14:closed
Queue 15:closed
Queue 16:closed
Queue 17:closed
Queue 18:closed
Queue 19:closed
Queue 20:closed
Time: 2
Waiting clients: (5 3 3)(26 7 4)(91 8 6)(29 8 8)(6 10 7)(61 10 8)(93 17 7)(99 17 8)(30 18 5)(57 18 6)(38 18 7)(20 19 6)(86 21 6)(55 25 6)(75 25 9)(8 26 6)(58 27 9)(15 29 3)(23 29 8)(40 30 6)(2 30 7)(95 30 7)(65 31 5)(88 31 7)(82 35 9)(59 36 9)(51 37 7)(46 38 8)(44 39 3)(37 39 5)(33 40 5)(68 41 4)(42 43 4)(17 43 5)(52 43 7)(64 43 8)(67 44 9)(41 45 4)(28 45 9)(100 46 4)(71 47 6)(13 48 6)(34 49 9)(27 50 7)(73 50 8)(60 50 9)(48 52 6)(77 53 4)(62 53 5)(94 54 3)(19 54 4)(70 54 5)(80 54 5)(76 54 6)(84 56 8)(56 57 5)(3 57 8)(69 57 8)(35 58 5)(47 58 7)(10 59 6)(16 61 4)(1 62 7)(31 62 7)(78 63 8)(12 66 7)(79 68 7)(21 69 9)(66 70 3)(36 71 8)(90 71 8)(11 72 6)(18 72 6)(81 73 4)(83 75 3)(14 75 4)(24 75 7)(92 75 8)(43 79 5)(7 80 8)(87 80 8)(72 83 5)(89 84 3)(74 85 3)(98 87 5)(96 88 7)(97 89 5)(25 91 5)(22 92 9)(53 93 3)(4 93 5)(45 94 3)(85 95 9)(39 97 8)(9 97 9)(32 98 4)(49 98 6)(63 99 8)
Queue 1:(50 1 5)
Queue 2:(54 2 6)
Queue 3:closed
Queue 4:closed
Queue 5:closed
Queue 6:closed
Queue 7:closed
Queue 8:closed
Queue 9:closed
Queue 10:closed
Queue 11:closed
Queue 12:closed
Queue 13:closed
Queue 14:closed
Queue 15:closed
Queue 16:closed
Queue 17:closed
Queue 18:closed
Queue 19:closed
Queue 20:closed
Time: 3
Waiting clients: (26 7 4)(91 8 6)(29 8 8)(6 10 7)(61 10 8)(93 17 7)(99 17 8)(30 18 5)(57 18 6)(38 18 7)(20 19 6)(86 21 6)(55 25 6)(75 25 9)(8 26 6)(58 27 9)(15 29 3)(23 29 8)(40 30 6)(2 30 7)(95 30 7)(65 31 5)(88 31 7)(82 35 9)(59 36 9)(51 37 7)(46 38 8)(44 39 3)(37 39 5)(33 40 5)(68 41 4)(42 43 4)(17 43 5)(52 43 7)(64 43 8)(67 44 9)(41 45 4)(28 45 9)(100 46 4)(71 47 6)(13 48 6)(34 49 9)(27 50 7)(73 50 8)(60 50 9)(48 52 6)(77 53 4)(62 53 5)(94 54 3)(19 54 4)(70 54 5)(80 54 5)(76 54 6)(84 56 8)(56 57 5)(3 57 8)(69 57 8)(35 58 5)(47 58 7)(10 59 6)(16 61 4)(1 62 7)(31 62 7)(78 63 8)(12 66 7)(79 68 7)(21 69 9)(66 70 3)(36 71 8)(90 71 8)(11 72 6)(18 72 6)(81 73 4)(83 75 3)(14 75 4)(24 75 7)(92 75 8)(43 79 5)(7 80 8)(87 80 8)(72 83 5)(89 84 3)(74 85 3)(98 87 5)(96 88 7)(97 89 5)(25 91 5)(22 92 9)(53 93 3)(4 93 5)(45 94 3)(85 95 9)(39 97 8)(9 97 9)(32 98 4)(49 98 6)(63 99 8)
Queue 1:(50 1 4)
Queue 2:(54 2 5)
Queue 3:(5 3 3)
Queue 4:closed
Queue 5:closed
Queue 6:closed
Queue 7:closed
Queue 8:closed
Queue 9:closed
Queue 10:closed
Queue 11:closed
Queue 12:closed
Queue 13:closed
Queue 14:closed
Queue 15:closed
Queue 16:closed
Queue 17:closed
Queue 18:closed
Queue 19:closed
Queue 20:closed
Time: 4
Waiting clients: (26 7 4)(91 8 6)(29 8 8)(6 10 7)(61 10 8)(93 17 7)(99 17 8)(30 18 5)(57 18 6)(38 18 7)(20 19 6)(86 21 6)(55 25 6)(75 25 9)(8 26 6)(58 27 9)(15 29 3)(23 29 8)(40 30 6)(2 30 7)(95 30 7)(65 31 5)(88 31 7)(82 35 9)(59 36 9)(51 37 7)(46 38 8)(44 39 3)(37 39 5)(33 40 5)(68 41 4)(42 43 4)(17 43 5)(52 43 7)(64 43 8)(67 44 9)(41 45 4)(28 45 9)(100 46 4)(71 47 6)(13 48 6)(34 49 9)(27 50 7)(73 50 8)(60 50 9)(48 52 6)(77 53 4)(62 53 5)(94 54 3)(19 54 4)(70 54 5)(80 54 5)(76 54 6)(84 56 8)(56 57 5)(3 57 8)(69 57 8)(35 58 5)(47 58 7)(10 59 6)(16 61 4)(1 62 7)(31 62 7)(78 63 8)(12 66 7)(79 68 7)(21 69 9)(66 70 3)(36 71 8)(90 71 8)(11 72 6)(18 72 6)(81 73 4)(83 75 3)(14 75 4)(24 75 7)(92 75 8)(43 79 5)(7 80 8)(87 80 8)(72 83 5)(89 84 3)(74 85 3)(98 87 5)(96 88 7)(97 89 5)(25 91 5)(22 92 9)(53 93 3)(4 93 5)(45 94 3)(85 95 9)(39 97 8)(9 97 9)(32 98 4)(49 98 6)(63 99 8)
Queue 1:(50 1 3)
Queue 2:(54 2 4)
Queue 3:(5 3 2)
Queue 4:closed
Queue 5:closed
Queue 6:closed
Queue 7:closed
Queue 8:closed
Queue 9:closed
Queue 10:closed
Queue 11:closed
Queue 12:closed
Queue 13:closed
Queue 14:closed
Queue 15:closed
Queue 16:closed
Queue 17:closed
Queue 18:closed
Queue 19:closed
Queue 20:closed
Time: 5
Waiting clients: (26 7 4)(91 8 6)(29 8 8)(6 10 7)(61 10 8)(93 17 7)(99 17 8)(30 18 5)(57 18 6)(38 18 7)(20 19 6)(86 21 6)(55 25 6)(75 25 9)(8 26 6)(58 27 9)(15 29 3)(23 29 8)(40 30 6)(2 30 7)(95 30 7)(65 31 5)(88 31 7)(82 35 9)(59 36 9)(51 37 7)(46 38 8)(44 39 3)(37 39 5)(33 40 5)(68 41 4)(42 43 4)(17 43 5)(52 43 7)(64 43 8)(67 44 9)(41 45 4)(28 45 9)(100 46 4)(71 47 6)(13 48 6)(34 49 9)(27 50 7)(73 50 8)(60 50 9)(48 52 6)(77 53 4)(62 53 5)(94 54 3)(19 54 4)(70 54 5)(80 54 5)(76 54 6)(84 56 8)(56 57 5)(3 57 8)(69 57 8)(35 58 5)(47 58 7)(10 59 6)(16 61 4)(1 62 7)(31 62 7)(78 63 8)(12 66 7)(79 68 7)(21 69 9)(66 70 3)(36 71 8)(90 71 8)(11 72 6)(18 72 6)(81 73 4)(83 75 3)(14 75 4)(24 75 7)(92 75 8)(43 79 5)(7 80 8)(87 80 8)(72 83 5)(89 84 3)(74 85 3)(98 87 5)(96 88 7)(97 89 5)(25 91 5)(22 92 9)(53 93 3)(4 93 5)(45 94 3)(85 95 9)(39 97 8)(9 97 9)(32 98 4)(49 98 6)(63 99 8)
Queue 1:(50 1 2)
Queue 2:(54 2 3)
Queue 3:(5 3 1)
Queue 4:closed
Queue 5:closed
Queue 6:closed
Queue 7:closed
Queue 8:closed
Queue 9:closed
Queue 10:closed
Queue 11:closed
Queue 12:closed
Queue 13:closed
Queue 14:closed
Queue 15:closed
Queue 16:closed
Queue 17:closed
Queue 18:closed
Queue 19:closed
Queue 20:closed
Time: 6
Waiting clients: (26 7 4)(91 8 6)(29 8 8)(6 10 7)(61 10 8)(93 17 7)(99 17 8)(30 18 5)(57 18 6)(38 18 7)(20 19 6)(86 21 6)(55 25 6)(75 25 9)(8 26 6)(58 27 9)(15 29 3)(23 29 8)(40 30 6)(2 30 7)(95 30 7)(65 31 5)(88 31 7)(82 35 9)(59 36 9)(51 37 7)(46 38 8)(44 39 3)(37 39 5)(33 40 5)(68 41 4)(42 43 4)(17 43 5)(52 43 7)(64 43 8)(67 44 9)(41 45 4)(28 45 9)(100 46 4)(71 47 6)(13 48 6)(34 49 9)(27 50 7)(73 50 8)(60 50 9)(48 52 6)(77 53 4)(62 53 5)(94 54 3)(19 54 4)(70 54 5)(80 54 5)(76 54 6)(84 56 8)(56 57 5)(3 57 8)(69 57 8)(35 58 5)(47 58 7)(10 59 6)(16 61 4)(1 62 7)(31 62 7)(78 63 8)(12 66 7)(79 68 7)(21 69 9)(66 70 3)(36 71 8)(90 71 8)(11 72 6)(18 72 6)(81 73 4)(83 75 3)(14 75 4)(24 75 7)(92 75 8)(43 79 5)(7 80 8)(87 80 8)(72 83 5)(89 84 3)(74 85 3)(98 87 5)(96 88 7)(97 89 5)(25 91 5)(22 92 9)(53 93 3)(4 93 5)(45 94 3)(85 95 9)(39 97 8)(9 97 9)(32 98 4)(49 98 6)(63 99 8)
Queue 1:(50 1 1)
Queue 2:(54 2 2)
Queue 3:closed
Queue 4:closed
Queue 5:closed
Queue 6:closed
Queue 7:closed
Queue 8:closed
Queue 9:closed
Queue 10:closed
Queue 11:closed
Queue 12:closed
Queue 13:closed
Queue 14:closed
Queue 15:closed
Queue 16:closed
Queue 17:closed
Queue 18:closed
Queue 19:closed
Queue 20:closed
Time: 7
Waiting clients: (91 8 6)(29 8 8)(6 10 7)(61 10 8)(93 17 7)(99 17 8)(30 18 5)(57 18 6)(38 18 7)(20 19 6)(86 21 6)(55 25 6)(75 25 9)(8 26 6)(58 27 9)(15 29 3)(23 29 8)(40 30 6)(2 30 7)(95 30 7)(65 31 5)(88 31 7)(82 35 9)(59 36 9)(51 37 7)(46 38 8)(44 39 3)(37 39 5)(33 40 5)(68 41 4)(42 43 4)(17 43 5)(52 43 7)(64 43 8)(67 44 9)(41 45 4)(28 45 9)(100 46 4)(71 47 6)(13 48 6)(34 49 9)(27 50 7)(73 50 8)(60 50 9)(48 52 6)(77 53 4)(62 53 5)(94 54 3)(19 54 4)(70 54 5)(80 54 5)(76 54 6)(84 56 8)(56 57 5)(3 57 8)(69 57 8)(35 58 5)(47 58 7)(10 59 6)(16 61 4)(1 62 7)(31 62 7)(78 63 8)(12 66 7)(79 68 7)(21 69 9)(66 70 3)(36 71 8)(90 71 8)(11 72 6)(18 72 6)(81 73 4)(83 75 3)(14 75 4)(24 75 7)(92 75 8)(43 79 5)(7 80 8)(87 80 8)(72 83 5)(89 84 3)(74 85 3)(98 87 5)(96 88 7)(97 89 5)(25 91 5)(22 92 9)(53 93 3)(4 93 5)(45 94 3)(85 95 9)(39 97 8)(9 97 9)(32 98 4)(49 98 6)(63 99 8)
Queue 1:closed
Queue 2:(54 2 1)
Queue 3:(26 7 4)
Queue 4:closed
Queue 5:closed
Queue 6:closed
Queue 7:closed
Queue 8:closed
Queue 9:closed
Queue 10:closed
Queue 11:closed
Queue 12:closed
Queue 13:closed
Queue 14:closed
Queue 15:closed
Queue 16:closed
Queue 17:closed
Queue 18:closed
Queue 19:closed
Queue 20:closed
Time: 8
Waiting clients: (6 10 7)(61 10 8)(93 17 7)(99 17 8)(30 18 5)(57 18 6)(38 18 7)(20 19 6)(86 21 6)(55 25 6)(75 25 9)(8 26 6)(58 27 9)(15 29 3)(23 29 8)(40 30 6)(2 30 7)(95 30 7)(65 31 5)(88 31 7)(82 35 9)(59 36 9)(51 37 7)(46 38 8)(44 39 3)(37 39 5)(33 40 5)(68 41 4)(42 43 4)(17 43 5)(52 43 7)(64 43 8)(67 44 9)(41 45 4)(28 45 9)(100 46 4)(71 47 6)(13 48 6)(34 49 9)(27 50 7)(73 50 8)(60 50 9)(48 52 6)(77 53 4)(62 53 5)(94 54 3)(19 54 4)(70 54 5)(80 54 5)(76 54 6)(84 56 8)(56 57 5)(3 57 8)(69 57 8)(35 58 5)(47 58 7)(10 59 6)(16 61 4)(1 62 7)(31 62 7)(78 63 8)(12 66 7)(79 68 7)(21 69 9)(66 70 3)(36 71 8)(90 71 8)(11 72 6)(18 72 6)(81 73 4)(83 75 3)(14 75 4)(24 75 7)(92 75 8)(43 79 5)(7 80 8)(87 80 8)(72 83 5)(89 84 3)(74 85 3)(98 87 5)(96 88 7)(97 89 5)(25 91 5)(22 92 9)(53 93 3)(4 93 5)(45 94 3)(85 95 9)(39 97 8)(9 97 9)(32 98 4)(49 98 6)(63 99 8)
Queue 1:(91 8 6)
Queue 2:closed
Queue 3:(26 7 3)
Queue 4:(29 8 8)
Queue 5:closed
Queue 6:closed
Queue 7:closed
Queue 8:closed
Queue 9:closed
Queue 10:closed
Queue 11:closed
Queue 12:closed
Queue 13:closed
Queue 14:closed
Queue 15:closed
Queue 16:closed
Queue 17:closed
Queue 18:closed
Queue 19:closed
Queue 20:closed
Time: 9
Waiting clients: (6 10 7)(61 10 8)(93 17 7)(99 17 8)(30 18 5)(57 18 6)(38 18 7)(20 19 6)(86 21 6)(55 25 6)(75 25 9)(8 26 6)(58 27 9)(15 29 3)(23 29 8)(40 30 6)(2 30 7)(95 30 7)(65 31 5)(88 31 7)(82 35 9)(59 36 9)(51 37 7)(46 38 8)(44 39 3)(37 39 5)(33 40 5)(68 41 4)(42 43 4)(17 43 5)(52 43 7)(64 43 8)(67 44 9)(41 45 4)(28 45 9)(100 46 4)(71 47 6)(13 48 6)(34 49 9)(27 50 7)(73 50 8)(60 50 9)(48 52 6)(77 53 4)(62 53 5)(94 54 3)(19 54 4)(70 54 5)(80 54 5)(76 54 6)(84 56 8)(56 57 5)(3 57 8)(69 57 8)(35 58 5)(47 58 7)(10 59 6)(16 61 4)(1 62 7)(31 62 7)(78 63 8)(12 66 7)(79 68 7)(21 69 9)(66 70 3)(36 71 8)(90 71 8)(11 72 6)(18 72 6)(81 73 4)(83 75 3)(14 75 4)(24 75 7)(92 75 8)(43 79 5)(7 80 8)(87 80 8)(72 83 5)(89 84 3)(74 85 3)(98 87 5)(96 88 7)(97 89 5)(25 91 5)(22 92 9)(53 93 3)(4 93 5)(45 94 3)(85 95 9)(39 97 8)(9 97 9)(32 98 4)(49 98 6)(63 99 8)
Queue 1:(91 8 5)
Queue 2:closed
Queue 3:(26 7 2)
Queue 4:(29 8 7)
Queue 5:closed
Queue 6:closed
Queue 7:closed
Queue 8:closed
Queue 9:closed
Queue 10:closed
Queue 11:closed
Queue 12:closed
Queue 13:closed
Queue 14:closed
Queue 15:closed
Queue 16:closed
Queue 17:closed
Queue 18:closed
Queue 19:closed
Queue 20:closed
Time: 10
Waiting clients: (93 17 7)(99 17 8)(30 18 5)(57 18 6)(38 18 7)(20 19 6)(86 21 6)(55 25 6)(75 25 9)(8 26 6)(58 27 9)(15 29 3)(23 29 8)(40 30 6)(2 30 7)(95 30 7)(65 31 5)(88 31 7)(82 35 9)(59 36 9)(51 37 7)(46 38 8)(44 39 3)(37 39 5)(33 40 5)(68 41 4)(42 43 4)(17 43 5)(52 43 7)(64 43 8)(67 44 9)(41 45 4)(28 45 9)(100 46 4)(71 47 6)(13 48 6)(34 49 9)(27 50 7)(73 50 8)(60 50 9)(48 52 6)(77 53 4)(62 53 5)(94 54 3)(19 54 4)(70 54 5)(80 54 5)(76 54 6)(84 56 8)(56 57 5)(3 57 8)(69 57 8)(35 58 5)(47 58 7)(10 59 6)(16 61 4)(1 62 7)(31 62 7)(78 63 8)(12 66 7)(79 68 7)(21 69 9)(66 70 3)(36 71 8)(90 71 8)(11 72 6)(18 72 6)(81 73 4)(83 75 3)(14 75 4)(24 75 7)(92 75 8)(43 79 5)(7 80 8)(87 80 8)(72 83 5)(89 84 3)(74 85 3)(98 87 5)(96 88 7)(97 89 5)(25 91 5)(22 92 9)(53 93 3)(4 93 5)(45 94 3)(85 95 9)(39 97 8)(9 97 9)(32 98 4)(49 98 6)(63 99 8)
Queue 1:(91 8 4)
Queue 2:(6 10 7)
Queue 3:(26 7 1)
Queue 4:(29 8 6)
Queue 5:(61 10 8)
Queue 6:closed
Queue 7:closed
Queue 8:closed
Queue 9:closed
Queue 10:closed
Queue 11:closed
Queue 12:closed
Queue 13:closed
Queue 14:closed
Queue 15:closed
Queue 16:closed
Queue 17:closed
Queue 18:closed
Queue 19:closed
Queue 20:closed
Time: 11
Waiting clients: (93 17 7)(99 17 8)(30 18 5)(57 18 6)(38 18 7)(20 19 6)(86 21 6)(55 25 6)(75 25 9)(8 26 6)(58 27 9)(15 29 3)(23 29 8)(40 30 6)(2 30 7)(95 30 7)(65 31 5)(88 31 7)(82 35 9)(59 36 9)(51 37 7)(46 38 8)(44 39 3)(37 39 5)(33 40 5)(68 41 4)(42 43 4)(17 43 5)(52 43 7)(64 43 8)(67 44 9)(41 45 4)(28 45 9)(100 46 4)(71 47 6)(13 48 6)(34 49 9)(27 50 7)(73 50 8)(60 50 9)(48 52 6)(77 53 4)(62 53 5)(94 54 3)(19 54 4)(70 54 5)(80 54 5)(76 54 6)(84 56 8)(56 57 5)(3 57 8)(69 57 8)(35 58 5)(47 58 7)(10 59 6)(16 61 4)(1 62 7)(31 62 7)(78 63 8)(12 66 7)(79 68 7)(21 69 9)(66 70 3)(36 71 8)(90 71 8)(11 72 6)(18 72 6)(81 73 4)(83 75 3)(14 75 4)(24 75 7)(92 75 8)(43 79 5)(7 80 8)(87 80 8)(72 83 5)(89 84 3)(74 85 3)(98 87 5)(96 88 7)(97 89 5)(25 91 5)(22 92 9)(53 93 3)(4 93 5)(45 94 3)(85 95 9)(39 97 8)(9 97 9)(32 98 4)(49 98 6)(63 99 8)
Queue 1:(91 8 3)
Queue 2:(6 10 6)
Queue 3:closed
Queue 4:(29 8 5)
Queue 5:(61 10 7)
Queue 6:closed
Queue 7:closed
Queue 8:closed
Queue 9:closed
Queue 10:closed
Queue 11:closed
Queue 12:closed
Queue 13:closed
Queue 14:closed
Queue 15:closed
Queue 16:closed
Queue 17:closed
Queue 18:closed
Queue 19:closed
Queue 20:closed
Time: 12
Waiting clients: (93 17 7)(99 17 8)(30 18 5)(57 18 6)(38 18 7)(20 19 6)(86 21 6)(55 25 6)(75 25 9)(8 26 6)(58 27 9)(15 29 3)(23 29 8)(40 30 6)(2 30 7)(95 30 7)(65 31 5)(88 31 7)(82 35 9)(59 36 9)(51 37 7)(46 38 8)(44 39 3)(37 39 5)(33 40 5)(68 41 4)(42 43 4)(17 43 5)(52 43 7)(64 43 8)(67 44 9)(41 45 4)(28 45 9)(100 46 4)(71 47 6)(13 48 6)(34 49 9)(27 50 7)(73 50 8)(60 50 9)(48 52 6)(77 53 4)(62 53 5)(94 54 3)(19 54 4)(70 54 5)(80 54 5)(76 54 6)(84 56 8)(56 57 5)(3 57 8)(69 57 8)(35 58 5)(47 58 7)(10 59 6)(16 61 4)(1 62 7)(31 62 7)(78 63 8)(12 66 7)(79 68 7)(21 69 9)(66 70 3)(36 71 8)(90 71 8)(11 72 6)(18 72 6)(81 73 4)(83 75 3)(14 75 4)(24 75 7)(92 75 8)(43 79 5)(7 80 8)(87 80 8)(72 83 5)(89 84 3)(74 85 3)(98 87 5)(96 88 7)(97 89 5)(25 91 5)(22 92 9)(53 93 3)(4 93 5)(45 94 3)(85 95 9)(39 97 8)(9 97 9)(32 98 4)(49 98 6)(63 99 8)
Queue 1:(91 8 2)
Queue 2:(6 10 5)
Queue 3:closed
Queue 4:(29 8 4)
Queue 5:(61 10 6)
Queue 6:closed
Queue 7:closed
Queue 8:closed
Queue 9:closed
Queue 10:closed
Queue 11:closed
Queue 12:closed
Queue 13:closed
Queue 14:closed
Queue 15:closed
Queue 16:closed
Queue 17:closed
Queue 18:closed
Queue 19:closed
Queue 20:closed
Time: 13
Waiting clients: (93 17 7)(99 17 8)(30 18 5)(57 18 6)(38 18 7)(20 19 6)(86 21 6)(55 25 6)(75 25 9)(8 26 6)(58 27 9)(15 29 3)(23 29 8)(40 30 6)(2 30 7)(95 30 7)(65 31 5)(88 31 7)(82 35 9)(59 36 9)(51 37 7)(46 38 8)(44 39 3)(37 39 5)(33 40 5)(68 41 4)(42 43 4)(17 43 5)(52 43 7)(64 43 8)(67 44 9)(41 45 4)(28 45 9)(100 46 4)(71 47 6)(13 48 6)(34 49 9)(27 50 7)(73 50 8)(60 50 9)(48 52 6)(77 53 4)(62 53 5)(94 54 3)(19 54 4)(70 54 5)(80 54 5)(76 54 6)(84 56 8)(56 57 5)(3 57 8)(69 57 8)(35 58 5)(47 58 7)(10 59 6)(16 61 4)(1 62 7)(31 62 7)(78 63 8)(12 66 7)(79 68 7)(21 69 9)(66 70 3)(36 71 8)(90 71 8)(11 72 6)(18 72 6)(81 73 4)(83 75 3)(14 75 4)(24 75 7)(92 75 8)(43 79 5)(7 80 8)(87 80 8)(72 83 5)(89 84 3)(74 85 3)(98 87 5)(96 88 7)(97 89 5)(25 91 5)(22 92 9)(53 93 3)(4 93 5)(45 94 3)(85 95 9)(39 97 8)(9 97 9)(32 98 4)(49 98 6)(63 99 8)
Queue 1:(91 8 1)
Queue 2:(6 10 4)
Queue 3:closed
Queue 4:(29 8 3)
Queue 5:(61 10 5)
Queue 6:closed
Queue 7:closed
Queue 8:closed
Queue 9:closed
Queue 10:closed
Queue 11:closed
Queue 12:closed
Queue 13:closed
Queue 14:closed
Queue 15:closed
Queue 16:closed
Queue 17:closed
Queue 18:closed
Queue 19:closed
Queue 20:closed
Time: 14
Waiting clients: (93 17 7)(99 17 8)(30 18 5)(57 18 6)(38 18 7)(20 19 6)(86 21 6)(55 25 6)(75 25 9)(8 26 6)(58 27 9)(15 29 3)(23 29 8)(40 30 6)(2 30 7)(95 30 7)(65 31 5)(88 31 7)(82 35 9)(59 36 9)(51 37 7)(46 38 8)(44 39 3)(37 39 5)(33 40 5)(68 41 4)(42 43 4)(17 43 5)(52 43 7)(64 43 8)(67 44 9)(41 45 4)(28 45 9)(100 46 4)(71 47 6)(13 48 6)(34 49 9)(27 50 7)(73 50 8)(60 50 9)(48 52 6)(77 53 4)(62 53 5)(94 54 3)(19 54 4)(70 54 5)(80 54 5)(76 54 6)(84 56 8)(56 57 5)(3 57 8)(69 57 8)(35 58 5)(47 58 7)(10 59 6)(16 61 4)(1 62 7)(31 62 7)(78 63 8)(12 66 7)(79 68 7)(21 69 9)(66 70 3)(36 71 8)(90 71 8)(11 72 6)(18 72 6)(81 73 4)(83 75 3)(14 75 4)(24 75 7)(92 75 8)(43 79 5)(7 80 8)(87 80 8)(72 83 5)(89 84 3)(74 85 3)(98 87 5)(96 88 7)(97 89 5)(25 91 5)(22 92 9)(53 93 3)(4 93 5)(45 94 3)(85 95 9)(39 97 8)(9 97 9)(32 98 4)(49 98 6)(63 99 8)
Queue 1:closed
Queue 2:(6 10 3)
Queue 3:closed
Queue 4:(29 8 2)
Queue 5:(61 10 4)
Queue 6:closed
Queue 7:closed
Queue 8:closed
Queue 9:closed
Queue 10:closed
Queue 11:closed
Queue 12:closed
Queue 13:closed
Queue 14:closed
Queue 15:closed
Queue 16:closed
Queue 17:closed
Queue 18:closed
Queue 19:closed
Queue 20:closed
Time: 15
Waiting clients: (93 17 7)(99 17 8)(30 18 5)(57 18 6)(38 18 7)(20 19 6)(86 21 6)(55 25 6)(75 25 9)(8 26 6)(58 27 9)(15 29 3)(23 29 8)(40 30 6)(2 30 7)(95 30 7)(65 31 5)(88 31 7)(82 35 9)(59 36 9)(51 37 7)(46 38 8)(44 39 3)(37 39 5)(33 40 5)(68 41 4)(42 43 4)(17 43 5)(52 43 7)(64 43 8)(67 44 9)(41 45 4)(28 45 9)(100 46 4)(71 47 6)(13 48 6)(34 49 9)(27 50 7)(73 50 8)(60 50 9)(48 52 6)(77 53 4)(62 53 5)(94 54 3)(19 54 4)(70 54 5)(80 54 5)(76 54 6)(84 56 8)(56 57 5)(3 57 8)(69 57 8)(35 58 5)(47 58 7)(10 59 6)(16 61 4)(1 62 7)(31 62 7)(78 63 8)(12 66 7)(79 68 7)(21 69 9)(66 70 3)(36 71 8)(90 71 8)(11 72 6)(18 72 6)(81 73 4)(83 75 3)(14 75 4)(24 75 7)(92 75 8)(43 79 5)(7 80 8)(87 80 8)(72 83 5)(89 84 3)(74 85 3)(98 87 5)(96 88 7)(97 89 5)(25 91 5)(22 92 9)(53 93 3)(4 93 5)(45 94 3)(85 95 9)(39 97 8)(9 97 9)(32 98 4)(49 98 6)(63 99 8)
Queue 1:closed
Queue 2:(6 10 2)
Queue 3:closed
Queue 4:(29 8 1)
Queue 5:(61 10 3)
Queue 6:closed
Queue 7:closed
Queue 8:closed
Queue 9:closed
Queue 10:closed
Queue 11:closed
Queue 12:closed
Queue 13:closed
Queue 14:closed
Queue 15:closed
Queue 16:closed
Queue 17:closed
Queue 18:closed
Queue 19:closed
Queue 20:closed
Time: 16
Waiting clients: (93 17 7)(99 17 8)(30 18 5)(57 18 6)(38 18 7)(20 19 6)(86 21 6)(55 25 6)(75 25 9)(8 26 6)(58 27 9)(15 29 3)(23 29 8)(40 30 6)(2 30 7)(95 30 7)(65 31 5)(88 31 7)(82 35 9)(59 36 9)(51 37 7)(46 38 8)(44 39 3)(37 39 5)(33 40 5)(68 41 4)(42 43 4)(17 43 5)(52 43 7)(64 43 8)(67 44 9)(41 45 4)(28 45 9)(100 46 4)(71 47 6)(13 48 6)(34 49 9)(27 50 7)(73 50 8)(60 50 9)(48 52 6)(77 53 4)(62 53 5)(94 54 3)(19 54 4)(70 54 5)(80 54 5)(76 54 6)(84 56 8)(56 57 5)(3 57 8)(69 57 8)(35 58 5)(47 58 7)(10 59 6)(16 61 4)(1 62 7)(31 62 7)(78 63 8)(12 66 7)(79 68 7)(21 69 9)(66 70 3)(36 71 8)(90 71 8)(11 72 6)(18 72 6)(81 73 4)(83 75 3)(14 75 4)(24 75 7)(92 75 8)(43 79 5)(7 80 8)(87 80 8)(72 83 5)(89 84 3)(74 85 3)(98 87 5)(96 88 7)(97 89 5)(25 91 5)(22 92 9)(53 93 3)(4 93 5)(45 94 3)(85 95 9)(39 97 8)(9 97 9)(32 98 4)(49 98 6)(63 99 8)
Queue 1:closed
Queue 2:(6 10 1)
Queue 3:closed
Queue 4:closed
Queue 5:(61 10 2)
Queue 6:closed
Queue 7:closed
Queue 8:closed
Queue 9:closed
Queue 10:closed
Queue 11:closed
Queue 12:closed
Queue 13:closed
Queue 14:closed
Queue 15:closed
Queue 16:closed
Queue 17:closed
Queue 18:closed
Queue 19:closed
Queue 20:closed
Time: 17
Waiting clients: (30 18 5)(57 18 6)(38 18 7)(20 19 6)(86 21 6)(55 25 6)(75 25 9)(8 26 6)(58 27 9)(15 29 3)(23 29 8)(40 30 6)(2 30 7)(95 30 7)(65 31 5)(88 31 7)(82 35 9)(59 36 9)(51 37 7)(46 38 8)(44 39 3)(37 39 5)(33 40 5)(68 41 4)(42 43 4)(17 43 5)(52 43 7)(64 43 8)(67 44 9)(41 45 4)(28 45 9)(100 46 4)(71 47 6)(13 48 6)(34 49 9)(27 50 7)(73 50 8)(60 50 9)(48 52 6)(77 53 4)(62 53 5)(94 54 3)(19 54 4)(70 54 5)(80 54 5)(76 54 6)(84 56 8)(56 57 5)(3 57 8)(69 57 8)(35 58 5)(47 58 7)(10 59 6)(16 61 4)(1 62 7)(31 62 7)(78 63 8)(12 66 7)(79 68 7)(21 69 9)(66 70 3)(36 71 8)(90 71 8)(11 72 6)(18 72 6)(81 73 4)(83 75 3)(14 75 4)(24 75 7)(92 75 8)(43 79 5)(7 80 8)(87 80 8)(72 83 5)(89 84 3)(74 85 3)(98 87 5)(96 88 7)(97 89 5)(25 91 5)(22 92 9)(53 93 3)(4 93 5)(45 94 3)(85 95 9)(39 97 8)(9 97 9)(32 98 4)(49 98 6)(63 99 8)
Queue 1:(93 17 7)
Queue 2:closed
Queue 3:(99 17 8)
Queue 4:closed
Queue 5:(61 10 1)
Queue 6:closed
Queue 7:closed
Queue 8:closed
Queue 9:closed
Queue 10:closed
Queue 11:closed
Queue 12:closed
Queue 13:closed
Queue 14:closed
Queue 15:closed
Queue 16:closed
Queue 17:closed
Queue 18:closed
Queue 19:closed
Queue 20:closed
Time: 18
Waiting clients: (20 19 6)(86 21 6)(55 25 6)(75 25 9)(8 26 6)(58 27 9)(15 29 3)(23 29 8)(40 30 6)(2 30 7)(95 30 7)(65 31 5)(88 31 7)(82 35 9)(59 36 9)(51 37 7)(46 38 8)(44 39 3)(37 39 5)(33 40 5)(68 41 4)(42 43 4)(17 43 5)(52 43 7)(64 43 8)(67 44 9)(41 45 4)(28 45 9)(100 46 4)(71 47 6)(13 48 6)(34 49 9)(27 50 7)(73 50 8)(60 50 9)(48 52 6)(77 53 4)(62 53 5)(94 54 3)(19 54 4)(70 54 5)(80 54 5)(76 54 6)(84 56 8)(56 57 5)(3 57 8)(69 57 8)(35 58 5)(47 58 7)(10 59 6)(16 61 4)(1 62 7)(31 62 7)(78 63 8)(12 66 7)(79 68 7)(21 69 9)(66 70 3)(36 71 8)(90 71 8)(11 72 6)(18 72 6)(81 73 4)(83 75 3)(14 75 4)(24 75 7)(92 75 8)(43 79 5)(7 80 8)(87 80 8)(72 83 5)(89 84 3)(74 85 3)(98 87 5)(96 88 7)(97 89 5)(25 91 5)(22 92 9)(53 93 3)(4 93 5)(45 94 3)(85 95 9)(39 97 8)(9 97 9)(32 98 4)(49 98 6)(63 99 8)
Queue 1:(93 17 6)
Queue 2:(30 18 5)
Queue 3:(99 17 7)
Queue 4:(57 18 6)
Queue 5:closed
Queue 6:(38 18 7)
Queue 7:closed
Queue 8:closed
Queue 9:closed
Queue 10:closed
Queue 11:closed
Queue 12:closed
Queue 13:closed
Queue 14:closed
Queue 15:closed
Queue 16:closed
Queue 17:closed
Queue 18:closed
Queue 19:closed
Queue 20:closed
Time: 19
Waiting clients: (86 21 6)(55 25 6)(75 25 9)(8 26 6)(58 27 9)(15 29 3)(23 29 8)(40 30 6)(2 30 7)(95 30 7)(65 31 5)(88 31 7)(82 35 9)(59 36 9)(51 37 7)(46 38 8)(44 39 3)(37 39 5)(33 40 5)(68 41 4)(42 43 4)(17 43 5)(52 43 7)(64 43 8)(67 44 9)(41 45 4)(28 45 9)(100 46 4)(71 47 6)(13 48 6)(34 49 9)(27 50 7)(73 50 8)(60 50 9)(48 52 6)(77 53 4)(62 53 5)(94 54 3)(19 54 4)(70 54 5)(80 54 5)(76 54 6)(84 56 8)(56 57 5)(3 57 8)(69 57 8)(35 58 5)(47 58 7)(10 59 6)(16 61 4)(1 62 7)(31 62 7)(78 63 8)(12 66 7)(79 68 7)(21 69 9)(66 70 3)(36 71 8)(90 71 8)(11 72 6)(18 72 6)(81 73 4)(83 75 3)(14 75 4)(24 75 7)(92 75 8)(43 79 5)(7 80 8)(87 80 8)(72 83 5)(89 84 3)(74 85 3)(98 87 5)(96 88 7)(97 89 5)(25 91 5)(22 92 9)(53 93 3)(4 93 5)(45 94 3)(85 95 9)(39 97 8)(9 97 9)(32 98 4)(49 98 6)(63 99 8)
Queue 1:(93 17 5)
Queue 2:(30 18 4)
Queue 3:(99 17 6)
Queue 4:(57 18 5)
Queue 5:(20 19 6)
Queue 6:(38 18 6)
Queue 7:closed
Queue 8:closed
Queue 9:closed
Queue 10:closed
Queue 11:closed
Queue 12:closed
Queue 13:closed
Queue 14:closed
Queue 15:closed
Queue 16:closed
Queue 17:closed
Queue 18:closed
Queue 19:closed
Queue 20:closed
Time: 20
Waiting clients: (86 21 6)(55 25 6)(75 25 9)(8 26 6)(58 27 9)(15 29 3)(23 29 8)(40 30 6)(2 30 7)(95 30 7)(65 31 5)(88 31 7)(82 35 9)(59 36 9)(51 37 7)(46 38 8)(44 39 3)(37 39 5)(33 40 5)(68 41 4)(42 43 4)(17 43 5)(52 43 7)(64 43 8)(67 44 9)(41 45 4)(28 45 9)(100 46 4)(71 47 6)(13 48 6)(34 49 9)(27 50 7)(73 50 8)(60 50 9)(48 52 6)(77 53 4)(62 53 5)(94 54 3)(19 54 4)(70 54 5)(80 54 5)(76 54 6)(84 56 8)(56 57 5)(3 57 8)(69 57 8)(35 58 5)(47 58 7)(10 59 6)(16 61 4)(1 62 7)(31 62 7)(78 63 8)(12 66 7)(79 68 7)(21 69 9)(66 70 3)(36 71 8)(90 71 8)(11 72 6)(18 72 6)(81 73 4)(83 75 3)(14 75 4)(24 75 7)(92 75 8)(43 79 5)(7 80 8)(87 80 8)(72 83 5)(89 84 3)(74 85 3)(98 87 5)(96 88 7)(97 89 5)(25 91 5)(22 92 9)(53 93 3)(4 93 5)(45 94 3)(85 95 9)(39 97 8)(9 97 9)(32 98 4)(49 98 6)(63 99 8)
Queue 1:(93 17 4)
Queue 2:(30 18 3)
Queue 3:(99 17 5)
Queue 4:(57 18 4)
Queue 5:(20 19 5)
Queue 6:(38 18 5)
Queue 7:closed
Queue 8:closed
Queue 9:closed
Queue 10:closed
Queue 11:closed
Queue 12:closed
Queue 13:closed
Queue 14:closed
Queue 15:closed
Queue 16:closed
Queue 17:closed
Queue 18:closed
Queue 19:closed
Queue 20:closed
Time: 21
Waiting clients: (55 25 6)(75 25 9)(8 26 6)(58 27 9)(15 29 3)(23 29 8)(40 30 6)(2 30 7)(95 30 7)(65 31 5)(88 31 7)(82 35 9)(59 36 9)(51 37 7)(46 38 8)(44 39 3)(37 39 5)(33 40 5)(68 41 4)(42 43 4)(17 43 5)(52 43 7)(64 43 8)(67 44 9)(41 45 4)(28 45 9)(100 46 4)(71 47 6)(13 48 6)(34 49 9)(27 50 7)(73 50 8)(60 50 9)(48 52 6)(77 53 4)(62 53 5)(94 54 3)(19 54 4)(70 54 5)(80 54 5)(76 54 6)(84 56 8)(56 57 5)(3 57 8)(69 57 8)(35 58 5)(47 58 7)(10 59 6)(16 61 4)(1 62 7)(31 62 7)(78 63 8)(12 66 7)(79 68 7)(21 69 9)(66 70 3)(36 71 8)(90 71 8)(11 72 6)(18 72 6)(81 73 4)(83 75 3)(14 75 4)(24 75 7)(92 75 8)(43 79 5)(7 80 8)(87 80 8)(72 83 5)(89 84 3)(74 85 3)(98 87 5)(96 88 7)(97 89 5)(25 91 5)(22 92 9)(53 93 3)(4 93 5)(45 94 3)(85 95 9)(39 97 8)(9 97 9)(32 98 4)(49 98 6)(63 99 8)
Queue 1:(93 17 3)
Queue 2:(30 18 2)
Queue 3:(99 17 4)
Queue 4:(57 18 3)
Queue 5:(20 19 4)
Queue 6:(38 18 4)
Queue 7:(86 21 6)
Queue 8:closed
Queue 9:closed
Queue 10:closed
Queue 11:closed
Queue 12:closed
Queue 13:closed
Queue 14:closed
Queue 15:closed
Queue 16:closed
Queue 17:closed
Queue 18:closed
Queue 19:closed
Queue 20:closed
Time: 22
Waiting clients: (55 25 6)(75 25 9)(8 26 6)(58 27 9)(15 29 3)(23 29 8)(40 30 6)(2 30 7)(95 30 7)(65 31 5)(88 31 7)(82 35 9)(59 36 9)(51 37 7)(46 38 8)(44 39 3)(37 39 5)(33 40 5)(68 41 4)(42 43 4)(17 43 5)(52 43 7)(64 43 8)(67 44 9)(41 45 4)(28 45 9)(100 46 4)(71 47 6)(13 48 6)(34 49 9)(27 50 7)(73 50 8)(60 50 9)(48 52 6)(77 53 4)(62 53 5)(94 54 3)(19 54 4)(70 54 5)(80 54 5)(76 54 6)(84 56 8)(56 57 5)(3 57 8)(69 57 8)(35 58 5)(47 58 7)(10 59 6)(16 61 4)(1 62 7)(31 62 7)(78 63 8)(12 66 7)(79 68 7)(21 69 9)(66 70 3)(36 71 8)(90 71 8)(11 72 6)(18 72 6)(81 73 4)(83 75 3)(14 75 4)(24 75 7)(92 75 8)(43 79 5)(7 80 8)(87 80 8)(72 83 5)(89 84 3)(74 85 3)(98 87 5)(96 88 7)(97 89 5)(25 91 5)(22 92 9)(53 93 3)(4 93 5)(45 94 3)(85 95 9)(39 97 8)(9 97 9)(32 98 4)(49 98 6)(63 99 8)
Queue 1:(93 17 2)
Queue 2:(30 18 1)
Queue 3:(99 17 3)
Queue 4:(57 18 2)
Queue 5:(20 19 3)
Queue 6:(38 18 3)
Queue 7:(86 21 5)
Queue 8:closed
Queue 9:closed
Queue 10:closed
Queue 11:closed
Queue 12:closed
Queue 13:closed
Queue 14:closed
Queue 15:closed
Queue 16:closed
Queue 17:closed
Queue 18:closed
Queue 19:closed
Queue 20:closed
Time: 23
Waiting clients: (55 25 6)(75 25 9)(8 26 6)(58 27 9)(15 29 3)(23 29 8)(40 30 6)(2 30 7)(95 30 7)(65 31 5)(88 31 7)(82 35 9)(59 36 9)(51 37 7)(46 38 8)(44 39 3)(37 39 5)(33 40 5)(68 41 4)(42 43 4)(17 43 5)(52 43 7)(64 43 8)(67 44 9)(41 45 4)(28 45 9)(100 46 4)(71 47 6)(13 48 6)(34 49 9)(27 50 7)(73 50 8)(60 50 9)(48 52 6)(77 53 4)(62 53 5)(94 54 3)(19 54 4)(70 54 5)(80 54 5)(76 54 6)(84 56 8)(56 57 5)(3 57 8)(69 57 8)(35 58 5)(47 58 7)(10 59 6)(16 61 4)(1 62 7)(31 62 7)(78 63 8)(12 66 7)(79 68 7)(21 69 9)(66 70 3)(36 71 8)(90 71 8)(11 72 6)(18 72 6)(81 73 4)(83 75 3)(14 75 4)(24 75 7)(92 75 8)(43 79 5)(7 80 8)(87 80 8)(72 83 5)(89 84 3)(74 85 3)(98 87 5)(96 88 7)(97 89 5)(25 91 5)(22 92 9)(53 93 3)(4 93 5)(45 94 3)(85 95 9)(39 97 8)(9 97 9)(32 98 4)(49 98 6)(63 99 8)
Queue 1:(93 17 1)
Queue 2:closed
Queue 3:(99 17 2)
Queue 4:(57 18 1)
Queue 5:(20 19 2)
Queue 6:(38 18 2)
Queue 7:(86 21 4)
Queue 8:closed
Queue 9:closed
Queue 10:closed
Queue 11:closed
Queue 12:closed
Queue 13:closed
Queue 14:closed
Queue 15:closed
Queue 16:closed
Queue 17:closed
Queue 18:closed
Queue 19:closed
Queue 20:closed
Time: 24
Waiting clients: (55 25 6)(75 25 9)(8 26 6)(58 27 9)(15 29 3)(23 29 8)(40 30 6)(2 30 7)(95 30 7)(65 31 5)(88 31 7)(82 35 9)(59 36 9)(51 37 7)(46 38 8)(44 39 3)(37 39 5)(33 40 5)(68 41 4)(42 43 4)(17 43 5)(52 43 7)(64 43 8)(67 44 9)(41 45 4)(28 45 9)(100 46 4)(71 47 6)(13 48 6)(34 49 9)(27 50 7)(73 50 8)(60 50 9)(48 52 6)(77 53 4)(62 53 5)(94 54 3)(19 54 4)(70 54 5)(80 54 5)(76 54 6)(84 56 8)(56 57 5)(3 57 8)(69 57 8)(35 58 5)(47 58 7)(10 59 6)(16 61 4)(1 62 7)(31 62 7)(78 63 8)(12 66 7)(79 68 7)(21 69 9)(66 70 3)(36 71 8)(90 71 8)(11 72 6)(18 72 6)(81 73 4)(83 75 3)(14 75 4)(24 75 7)(92 75 8)(43 79 5)(7 80 8)(87 80 8)(72 83 5)(89 84 3)(74 85 3)(98 87 5)(96 88 7)(97 89 5)(25 91 5)(22 92 9)(53 93 3)(4 93 5)(45 94 3)(85 95 9)(39 97 8)(9 97 9)(32 98 4)(49 98 6)(63 99 8)
Queue 1:closed
Queue 2:closed
Queue 3:(99 17 1)
Queue 4:closed
Queue 5:(20 19 1)
Queue 6:(38 18 1)
Queue 7:(86 21 3)
Queue 8:closed
Queue 9:closed
Queue 10:closed
Queue 11:closed
Queue 12:closed
Queue 13:closed
Queue 14:closed
Queue 15:closed
Queue 16:closed
Queue 17:closed
Queue 18:closed
Queue 19:closed
Queue 20:closed
Time: 25
Waiting clients: (8 26 6)(58 27 9)(15 29 3)(23 29 8)(40 30 6)(2 30 7)(95 30 7)(65 31 5)(88 31 7)(82 35 9)(59 36 9)(51 37 7)(46 38 8)(44 39 3)(37 39 5)(33 40 5)(68 41 4)(42 43 4)(17 43 5)(52 43 7)(64 43 8)(67 44 9)(41 45 4)(28 45 9)(100 46 4)(71 47 6)(13 48 6)(34 49 9)(27 50 7)(73 50 8)(60 50 9)(48 52 6)(77 53 4)(62 53 5)(94 54 3)(19 54 4)(70 54 5)(80 54 5)(76 54 6)(84 56 8)(56 57 5)(3 57 8)(69 57 8)(35 58 5)(47 58 7)(10 59 6)(16 61 4)(1 62 7)(31 62 7)(78 63 8)(12 66 7)(79 68 7)(21 69 9)(66 70 3)(36 71 8)(90 71 8)(11 72 6)(18 72 6)(81 73 4)(83 75 3)(14 75 4)(24 75 7)(92 75 8)(43 79 5)(7 80 8)(87 80 8)(72 83 5)(89 84 3)(74 85 3)(98 87 5)(96 88 7)(97 89 5)(25 91 5)(22 92 9)(53 93 3)(4 93 5)(45 94 3)(85 95 9)(39 97 8)(9 97 9)(32 98 4)(49 98 6)(63 99 8)
Queue 1:(55 25 6)
Queue 2:(75 25 9)
Queue 3:closed
Queue 4:closed
Queue 5:closed
Queue 6:closed
Queue 7:(86 21 2)
Queue 8:closed
Queue 9:closed
Queue 10:closed
Queue 11:closed
Queue 12:closed
Queue 13:closed
Queue 14:closed
Queue 15:closed
Queue 16:closed
Queue 17:closed
Queue 18:closed
Queue 19:closed
Queue 20:closed
Time: 26
Waiting clients: (58 27 9)(15 29 3)(23 29 8)(40 30 6)(2 30 7)(95 30 7)(65 31 5)(88 31 7)(82 35 9)(59 36 9)(51 37 7)(46 38 8)(44 39 3)(37 39 5)(33 40 5)(68 41 4)(42 43 4)(17 43 5)(52 43 7)(64 43 8)(67 44 9)(41 45 4)(28 45 9)(100 46 4)(71 47 6)(13 48 6)(34 49 9)(27 50 7)(73 50 8)(60 50 9)(48 52 6)(77 53 4)(62 53 5)(94 54 3)(19 54 4)(70 54 5)(80 54 5)(76 54 6)(84 56 8)(56 57 5)(3 57 8)(69 57 8)(35 58 5)(47 58 7)(10 59 6)(16 61 4)(1 62 7)(31 62 7)(78 63 8)(12 66 7)(79 68 7)(21 69 9)(66 70 3)(36 71 8)(90 71 8)(11 72 6)(18 72 6)(81 73 4)(83 75 3)(14 75 4)(24 75 7)(92 75 8)(43 79 5)(7 80 8)(87 80 8)(72 83 5)(89 84 3)(74 85 3)(98 87 5)(96 88 7)(97 89 5)(25 91 5)(22 92 9)(53 93 3)(4 93 5)(45 94 3)(85 95 9)(39 97 8)(9 97 9)(32 98 4)(49 98 6)(63 99 8)
Queue 1:(55 25 5)
Queue 2:(75 25 8)
Queue 3:(8 26 6)
Queue 4:closed
Queue 5:closed
Queue 6:closed
Queue 7:(86 21 1)
Queue 8:closed
Queue 9:closed
Queue 10:closed
Queue 11:closed
Queue 12:closed
Queue 13:closed
Queue 14:closed
Queue 15:closed
Queue 16:closed
Queue 17:closed
Queue 18:closed
Queue 19:closed
Queue 20:closed
Time: 27
Waiting clients: (15 29 3)(23 29 8)(40 30 6)(2 30 7)(95 30 7)(65 31 5)(88 31 7)(82 35 9)(59 36 9)(51 37 7)(46 38 8)(44 39 3)(37 39 5)(33 40 5)(68 41 4)(42 43 4)(17 43 5)(52 43 7)(64 43 8)(67 44 9)(41 45 4)(28 45 9)(100 46 4)(71 47 6)(13 48 6)(34 49 9)(27 50 7)(73 50 8)(60 50 9)(48 52 6)(77 53 4)(62 53 5)(94 54 3)(19 54 4)(70 54 5)(80 54 5)(76 54 6)(84 56 8)(56 57 5)(3 57 8)(69 57 8)(35 58 5)(47 58 7)(10 59 6)(16 61 4)(1 62 7)(31 62 7)(78 63 8)(12 66 7)(79 68 7)(21 69 9)(66 70 3)(36 71 8)(90 71 8)(11 72 6)(18 72 6)(81 73 4)(83 75 3)(14 75 4)(24 75 7)(92 75 8)(43 79 5)(7 80 8)(87 80 8)(72 83 5)(89 84 3)(74 85 3)(98 87 5)(96 88 7)(97 89 5)(25 91 5)(22 92 9)(53 93 3)(4 93 5)(45 94 3)(85 95 9)(39 97 8)(9 97 9)(32 98 4)(49 98 6)(63 99 8)
Queue 1:(55 25 4)
Queue 2:(75 25 7)
Queue 3:(8 26 5)
Queue 4:(58 27 9)
Queue 5:closed
Queue 6:closed
Queue 7:closed
Queue 8:closed
Queue 9:closed
Queue 10:closed
Queue 11:closed
Queue 12:closed
Queue 13:closed
Queue 14:closed
Queue 15:closed
Queue 16:closed
Queue 17:closed
Queue 18:closed
Queue 19:closed
Queue 20:closed
Time: 28
Waiting clients: (15 29 3)(23 29 8)(40 30 6)(2 30 7)(95 30 7)(65 31 5)(88 31 7)(82 35 9)(59 36 9)(51 37 7)(46 38 8)(44 39 3)(37 39 5)(33 40 5)(68 41 4)(42 43 4)(17 43 5)(52 43 7)(64 43 8)(67 44 9)(41 45 4)(28 45 9)(100 46 4)(71 47 6)(13 48 6)(34 49 9)(27 50 7)(73 50 8)(60 50 9)(48 52 6)(77 53 4)(62 53 5)(94 54 3)(19 54 4)(70 54 5)(80 54 5)(76 54 6)(84 56 8)(56 57 5)(3 57 8)(69 57 8)(35 58 5)(47 58 7)(10 59 6)(16 61 4)(1 62 7)(31 62 7)(78 63 8)(12 66 7)(79 68 7)(21 69 9)(66 70 3)(36 71 8)(90 71 8)(11 72 6)(18 72 6)(81 73 4)(83 75 3)(14 75 4)(24 75 7)(92 75 8)(43 79 5)(7 80 8)(87 80 8)(72 83 5)(89 84 3)(74 85 3)(98 87 5)(96 88 7)(97 89 5)(25 91 5)(22 92 9)(53 93 3)(4 93 5)(45 94 3)(85 95 9)(39 97 8)(9 97 9)(32 98 4)(49 98 6)(63 99 8)
Queue 1:(55 25 3)
Queue 2:(75 25 6)
Queue 3:(8 26 4)
Queue 4:(58 27 8)
Queue 5:closed
Queue 6:closed
Queue 7:closed
Queue 8:closed
Queue 9:closed
Queue 10:closed
Queue 11:closed
Queue 12:closed
Queue 13:closed
Queue 14:closed
Queue 15:closed
Queue 16:closed
Queue 17:closed
Queue 18:closed
Queue 19:closed
Queue 20:closed
Time: 29
Waiting clients: (40 30 6)(2 30 7)(95 30 7)(65 31 5)(88 31 7)(82 35 9)(59 36 9)(51 37 7)(46 38 8)(44 39 3)(37 39 5)(33 40 5)(68 41 4)(42 43 4)(17 43 5)(52 43 7)(64 43 8)(67 44 9)(41 45 4)(28 45 9)(100 46 4)(71 47 6)(13 48 6)(34 49 9)(27 50 7)(73 50 8)(60 50 9)(48 52 6)(77 53 4)(62 53 5)(94 54 3)(19 54 4)(70 54 5)(80 54 5)(76 54 6)(84 56 8)(56 57 5)(3 57 8)(69 57 8)(35 58 5)(47 58 7)(10 59 6)(16 61 4)(1 62 7)(31 62 7)(78 63 8)(12 66 7)(79 68 7)(21 69 9)(66 70 3)(36 71 8)(90 71 8)(11 72 6)(18 72 6)(81 73 4)(83 75 3)(14 75 4)(24 75 7)(92 75 8)(43 79 5)(7 80 8)(87 80 8)(72 83 5)(89 84 3)(74 85 3)(98 87 5)(96 88 7)(97 89 5)(25 91 5)(22 92 9)(53 93 3)(4 93 5)(45 94 3)(85 95 9)(39 97 8)(9 97 9)(32 98 4)(49 98 6)(63 99 8)
Queue 1:(55 25 2)
Queue 2:(75 25 5)
Queue 3:(8 26 3)
Queue 4:(58 27 7)
Queue 5:(15 29 3)
Queue 6:(23 29 8)
Queue 7:closed
Queue 8:closed
Queue 9:closed
Queue 10:closed
Queue 11:closed
Queue 12:closed
Queue 13:closed
Queue 14:closed
Queue 15:closed
Queue 16:closed
Queue 17:closed
Queue 18:closed
Queue 19:closed
Queue 20:closed
Time: 30
Waiting clients: (65 31 5)(88 31 7)(82 35 9)(59 36 9)(51 37 7)(46 38 8)(44 39 3)(37 39 5)(33 40 5)(68 41 4)(42 43 4)(17 43 5)(52 43 7)(64 43 8)(67 44 9)(41 45 4)(28 45 9)(100 46 4)(71 47 6)(13 48 6)(34 49 9)(27 50 7)(73 50 8)(60 50 9)(48 52 6)(77 53 4)(62 53 5)(94 54 3)(19 54 4)(70 54 5)(80 54 5)(76 54 6)(84 56 8)(56 57 5)(3 57 8)(69 57 8)(35 58 5)(47 58 7)(10 59 6)(16 61 4)(1 62 7)(31 62 7)(78 63 8)(12 66 7)(79 68 7)(21 69 9)(66 70 3)(36 71 8)(90 71 8)(11 72 6)(18 72 6)(81 73 4)(83 75 3)(14 75 4)(24 75 7)(92 75 8)(43 79 5)(7 80 8)(87 80 8)(72 83 5)(89 84 3)(74 85 3)(98 87 5)(96 88 7)(97 89 5)(25 91 5)(22 92 9)(53 93 3)(4 93 5)(45 94 3)(85 95 9)(39 97 8)(9 97 9)(32 98 4)(49 98 6)(63 99 8)
Queue 1:(55 25 1)
Queue 2:(75 25 4)
Queue 3:(8 26 2)
Queue 4:(58 27 6)
Queue 5:(15 29 2)
Queue 6:(23 29 7)
Queue 7:(40 30 6)
Queue 8:(2 30 7)
Queue 9:(95 30 7)
Queue 10:closed
Queue 11:closed
Queue 12:closed
Queue 13:closed
Queue 14:closed
Queue 15:closed
Queue 16:closed
Queue 17:closed
Queue 18:closed
Queue 19:closed
Queue 20:closed
Time: 31
Waiting clients: (82 35 9)(59 36 9)(51 37 7)(46 38 8)(44 39 3)(37 39 5)(33 40 5)(68 41 4)(42 43 4)(17 43 5)(52 43 7)(64 43 8)(67 44 9)(41 45 4)(28 45 9)(100 46 4)(71 47 6)(13 48 6)(34 49 9)(27 50 7)(73 50 8)(60 50 9)(48 52 6)(77 53 4)(62 53 5)(94 54 3)(19 54 4)(70 54 5)(80 54 5)(76 54 6)(84 56 8)(56 57 5)(3 57 8)(69 57 8)(35 58 5)(47 58 7)(10 59 6)(16 61 4)(1 62 7)(31 62 7)(78 63 8)(12 66 7)(79 68 7)(21 69 9)(66 70 3)(36 71 8)(90 71 8)(11 72 6)(18 72 6)(81 73 4)(83 75 3)(14 75 4)(24 75 7)(92 75 8)(43 79 5)(7 80 8)(87 80 8)(72 83 5)(89 84 3)(74 85 3)(98 87 5)(96 88 7)(97 89 5)(25 91 5)(22 92 9)(53 93 3)(4 93 5)(45 94 3)(85 95 9)(39 97 8)(9 97 9)(32 98 4)(49 98 6)(63 99 8)
Queue 1:closed
Queue 2:(75 25 3)
Queue 3:(8 26 1)
Queue 4:(58 27 5)
Queue 5:(15 29 1)
Queue 6:(23 29 6)
Queue 7:(40 30 5)
Queue 8:(2 30 6)
Queue 9:(95 30 6)
Queue 10:(65 31 5)
Queue 11:(88 31 7)
Queue 12:closed
Queue 13:closed
Queue 14:closed
Queue 15:closed
Queue 16:closed
Queue 17:closed
Queue 18:closed
Queue 19:closed
Queue 20:closed
Time: 32
Waiting clients: (82 35 9)(59 36 9)(51 37 7)(46 38 8)(44 39 3)(37 39 5)(33 40 5)(68 41 4)(42 43 4)(17 43 5)(52 43 7)(64 43 8)(67 44 9)(41 45 4)(28 45 9)(100 46 4)(71 47 6)(13 48 6)(34 49 9)(27 50 7)(73 50 8)(60 50 9)(48 52 6)(77 53 4)(62 53 5)(94 54 3)(19 54 4)(70 54 5)(80 54 5)(76 54 6)(84 56 8)(56 57 5)(3 57 8)(69 57 8)(35 58 5)(47 58 7)(10 59 6)(16 61 4)(1 62 7)(31 62 7)(78 63 8)(12 66 7)(79 68 7)(21 69 9)(66 70 3)(36 71 8)(90 71 8)(11 72 6)(18 72 6)(81 73 4)(83 75 3)(14 75 4)(24 75 7)(92 75 8)(43 79 5)(7 80 8)(87 80 8)(72 83 5)(89 84 3)(74 85 3)(98 87 5)(96 88 7)(97 89 5)(25 91 5)(22 92 9)(53 93 3)(4 93 5)(45 94 3)(85 95 9)(39 97 8)(9 97 9)(32 98 4)(49 98 6)(63 99 8)
Queue 1:closed
Queue 2:(75 25 2)
Queue 3:closed
Queue 4:(58 27 4)
Queue 5:closed
Queue 6:(23 29 5)
Queue 7:(40 30 4)
Queue 8:(2 30 5)
Queue 9:(95 30 5)
Queue 10:(65 31 4)
Queue 11:(88 31 6)
Queue 12:closed
Queue 13:closed
Queue 14:closed
Queue 15:closed
Queue 16:closed
Queue 17:closed
Queue 18:closed
Queue 19:closed
Queue 20:closed
Time: 33
Waiting clients: (82 35 9)(59 36 9)(51 37 7)(46 38 8)(44 39 3)(37 39 5)(33 40 5)(68 41 4)(42 43 4)(17 43 5)(52 43 7)(64 43 8)(67 44 9)(41 45 4)(28 45 9)(100 46 4)(71 47 6)(13 48 6)(34 49 9)(27 50 7)(73 50 8)(60 50 9)(48 52 6)(77 53 4)(62 53 5)(94 54 3)(19 54 4)(70 54 5)(80 54 5)(76 54 6)(84 56 8)(56 57 5)(3 57 8)(69 57 8)(35 58 5)(47 58 7)(10 59 6)(16 61 4)(1 62 7)(31 62 7)(78 63 8)(12 66 7)(79 68 7)(21 69 9)(66 70 3)(36 71 8)(90 71 8)(11 72 6)(18 72 6)(81 73 4)(83 75 3)(14 75 4)(24 75 7)(92 75 8)(43 79 5)(7 80 8)(87 80 8)(72 83 5)(89 84 3)(74 85 3)(98 87 5)(96 88 7)(97 89 5)(25 91 5)(22 92 9)(53 93 3)(4 93 5)(45 94 3)(85 95 9)(39 97 8)(9 97 9)(32 98 4)(49 98 6)(63 99 8)
Queue 1:closed
Queue 2:(75 25 1)
Queue 3:closed
Queue 4:(58 27 3)
Queue 5:closed
Queue 6:(23 29 4)
Queue 7:(40 30 3)
Queue 8:(2 30 4)
Queue 9:(95 30 4)
Queue 10:(65 31 3)
Queue 11:(88 31 5)
Queue 12:closed
Queue 13:closed
Queue 14:closed
Queue 15:closed
Queue 16:closed
Queue 17:closed
Queue 18:closed
Queue 19:closed
Queue 20:closed
Time: 34
Waiting clients: (82 35 9)(59 36 9)(51 37 7)(46 38 8)(44 39 3)(37 39 5)(33 40 5)(68 41 4)(42 43 4)(17 43 5)(52 43 7)(64 43 8)(67 44 9)(41 45 4)(28 45 9)(100 46 4)(71 47 6)(13 48 6)(34 49 9)(27 50 7)(73 50 8)(60 50 9)(48 52 6)(77 53 4)(62 53 5)(94 54 3)(19 54 4)(70 54 5)(80 54 5)(76 54 6)(84 56 8)(56 57 5)(3 57 8)(69 57 8)(35 58 5)(47 58 7)(10 59 6)(16 61 4)(1 62 7)(31 62 7)(78 63 8)(12 66 7)(79 68 7)(21 69 9)(66 70 3)(36 71 8)(90 71 8)(11 72 6)(18 72 6)(81 73 4)(83 75 3)(14 75 4)(24 75 7)(92 75 8)(43 79 5)(7 80 8)(87 80 8)(72 83 5)(89 84 3)(74 85 3)(98 87 5)(96 88 7)(97 89 5)(25 91 5)(22 92 9)(53 93 3)(4 93 5)(45 94 3)(85 95 9)(39 97 8)(9 97 9)(32 98 4)(49 98 6)(63 99 8)
Queue 1:closed
Queue 2:closed
Queue 3:closed
Queue 4:(58 27 2)
Queue 5:closed
Queue 6:(23 29 3)
Queue 7:(40 30 2)
Queue 8:(2 30 3)
Queue 9:(95 30 3)
Queue 10:(65 31 2)
Queue 11:(88 31 4)
Queue 12:closed
Queue 13:closed
Queue 14:closed
Queue 15:closed
Queue 16:closed
Queue 17:closed
Queue 18:closed
Queue 19:closed
Queue 20:closed
Time: 35
Waiting clients: (59 36 9)(51 37 7)(46 38 8)(44 39 3)(37 39 5)(33 40 5)(68 41 4)(42 43 4)(17 43 5)(52 43 7)(64 43 8)(67 44 9)(41 45 4)(28 45 9)(100 46 4)(71 47 6)(13 48 6)(34 49 9)(27 50 7)(73 50 8)(60 50 9)(48 52 6)(77 53 4)(62 53 5)(94 54 3)(19 54 4)(70 54 5)(80 54 5)(76 54 6)(84 56 8)(56 57 5)(3 57 8)(69 57 8)(35 58 5)(47 58 7)(10 59 6)(16 61 4)(1 62 7)(31 62 7)(78 63 8)(12 66 7)(79 68 7)(21 69 9)(66 70 3)(36 71 8)(90 71 8)(11 72 6)(18 72 6)(81 73 4)(83 75 3)(14 75 4)(24 75 7)(92 75 8)(43 79 5)(7 80 8)(87 80 8)(72 83 5)(89 84 3)(74 85 3)(98 87 5)(96 88 7)(97 89 5)(25 91 5)(22 92 9)(53 93 3)(4 93 5)(45 94 3)(85 95 9)(39 97 8)(9 97 9)(32 98 4)(49 98 6)(63 99 8)
Queue 1:(82 35 9)
Queue 2:closed
Queue 3:closed
Queue 4:(58 27 1)
Queue 5:closed
Queue 6:(23 29 2)
Queue 7:(40 30 1)
Queue 8:(2 30 2)
Queue 9:(95 30 2)
Queue 10:(65 31 1)
Queue 11:(88 31 3)
Queue 12:closed
Queue 13:closed
Queue 14:closed
Queue 15:closed
Queue 16:closed
Queue 17:closed
Queue 18:closed
Queue 19:closed
Queue 20:closed
Time: 36
Waiting clients: (51 37 7)(46 38 8)(44 39 3)(37 39 5)(33 40 5)(68 41 4)(42 43 4)(17 43 5)(52 43 7)(64 43 8)(67 44 9)(41 45 4)(28 45 9)(100 46 4)(71 47 6)(13 48 6)(34 49 9)(27 50 7)(73 50 8)(60 50 9)(48 52 6)(77 53 4)(62 53 5)(94 54 3)(19 54 4)(70 54 5)(80 54 5)(76 54 6)(84 56 8)(56 57 5)(3 57 8)(69 57 8)(35 58 5)(47 58 7)(10 59 6)(16 61 4)(1 62 7)(31 62 7)(78 63 8)(12 66 7)(79 68 7)(21 69 9)(66 70 3)(36 71 8)(90 71 8)(11 72 6)(18 72 6)(81 73 4)(83 75 3)(14 75 4)(24 75 7)(92 75 8)(43 79 5)(7 80 8)(87 80 8)(72 83 5)(89 84 3)(74 85 3)(98 87 5)(96 88 7)(97 89 5)(25 91 5)(22 92 9)(53 93 3)(4 93 5)(45 94 3)(85 95 9)(39 97 8)(9 97 9)(32 98 4)(49 98 6)(63 99 8)
Queue 1:(82 35 8)
Queue 2:(59 36 9)
Queue 3:closed
Queue 4:closed
Queue 5:closed
Queue 6:(23 29 1)
Queue 7:closed
Queue 8:(2 30 1)
Queue 9:(95 30 1)
Queue 10:closed
Queue 11:(88 31 2)
Queue 12:closed
Queue 13:closed
Queue 14:closed
Queue 15:closed
Queue 16:closed
Queue 17:closed
Queue 18:closed
Queue 19:closed
Queue 20:closed
Time: 37
Waiting clients: (46 38 8)(44 39 3)(37 39 5)(33 40 5)(68 41 4)(42 43 4)(17 43 5)(52 43 7)(64 43 8)(67 44 9)(41 45 4)(28 45 9)(100 46 4)(71 47 6)(13 48 6)(34 49 9)(27 50 7)(73 50 8)(60 50 9)(48 52 6)(77 53 4)(62 53 5)(94 54 3)(19 54 4)(70 54 5)(80 54 5)(76 54 6)(84 56 8)(56 57 5)(3 57 8)(69 57 8)(35 58 5)(47 58 7)(10 59 6)(16 61 4)(1 62 7)(31 62 7)(78 63 8)(12 66 7)(79 68 7)(21 69 9)(66 70 3)(36 71 8)(90 71 8)(11 72 6)(18 72 6)(81 73 4)(83 75 3)(14 75 4)(24 75 7)(92 75 8)(43 79 5)(7 80 8)(87 80 8)(72 83 5)(89 84 3)(74 85 3)(98 87 5)(96 88 7)(97 89 5)(25 91 5)(22 92 9)(53 93 3)(4 93 5)(45 94 3)(85 95 9)(39 97 8)(9 97 9)(32 98 4)(49 98 6)(63 99 8)
Queue 1:(82 35 7)
Queue 2:(59 36 8)
Queue 3:(51 37 7)
Queue 4:closed
Queue 5:closed
Queue 6:closed
Queue 7:closed
Queue 8:closed
Queue 9:closed
Queue 10:closed
Queue 11:(88 31 1)
Queue 12:closed
Queue 13:closed
Queue 14:closed
Queue 15:closed
Queue 16:closed
Queue 17:closed
Queue 18:closed
Queue 19:closed
Queue 20:closed
Time: 38
Waiting clients: (44 39 3)(37 39 5)(33 40 5)(68 41 4)(42 43 4)(17 43 5)(52 43 7)(64 43 8)(67 44 9)(41 45 4)(28 45 9)(100 46 4)(71 47 6)(13 48 6)(34 49 9)(27 50 7)(73 50 8)(60 50 9)(48 52 6)(77 53 4)(62 53 5)(94 54 3)(19 54 4)(70 54 5)(80 54 5)(76 54 6)(84 56 8)(56 57 5)(3 57 8)(69 57 8)(35 58 5)(47 58 7)(10 59 6)(16 61 4)(1 62 7)(31 62 7)(78 63 8)(12 66 7)(79 68 7)(21 69 9)(66 70 3)(36 71 8)(90 71 8)(11 72 6)(18 72 6)(81 73 4)(83 75 3)(14 75 4)(24 75 7)(92 75 8)(43 79 5)(7 80 8)(87 80 8)(72 83 5)(89 84 3)(74 85 3)(98 87 5)(96 88 7)(97 89 5)(25 91 5)(22 92 9)(53 93 3)(4 93 5)(45 94 3)(85 95 9)(39 97 8)(9 97 9)(32 98 4)(49 98 6)(63 99 8)
Queue 1:(82 35 6)
Queue 2:(59 36 7)
Queue 3:(51 37 6)
Queue 4:(46 38 8)
Queue 5:closed
Queue 6:closed
Queue 7:closed
Queue 8:closed
Queue 9:closed
Queue 10:closed
Queue 11:closed
Queue 12:closed
Queue 13:closed
Queue 14:closed
Queue 15:closed
Queue 16:closed
Queue 17:closed
Queue 18:closed
Queue 19:closed
Queue 20:closed
Time: 39
Waiting clients: (33 40 5)(68 41 4)(42 43 4)(17 43 5)(52 43 7)(64 43 8)(67 44 9)(41 45 4)(28 45 9)(100 46 4)(71 47 6)(13 48 6)(34 49 9)(27 50 7)(73 50 8)(60 50 9)(48 52 6)(77 53 4)(62 53 5)(94 54 3)(19 54 4)(70 54 5)(80 54 5)(76 54 6)(84 56 8)(56 57 5)(3 57 8)(69 57 8)(35 58 5)(47 58 7)(10 59 6)(16 61 4)(1 62 7)(31 62 7)(78 63 8)(12 66 7)(79 68 7)(21 69 9)(66 70 3)(36 71 8)(90 71 8)(11 72 6)(18 72 6)(81 73 4)(83 75 3)(14 75 4)(24 75 7)(92 75 8)(43 79 5)(7 80 8)(87 80 8)(72 83 5)(89 84 3)(74 85 3)(98 87 5)(96 88 7)(97 89 5)(25 91 5)(22 92 9)(53 93 3)(4 93 5)(45 94 3)(85 95 9)(39 97 8)(9 97 9)(32 98 4)(49 98 6)(63 99 8)
Queue 1:(82 35 5)
Queue 2:(59 36 6)
Queue 3:(51 37 5)
Queue 4:(46 38 7)
Queue 5:(44 39 3)
Queue 6:(37 39 5)
Queue 7:closed
Queue 8:closed
Queue 9:closed
Queue 10:closed
Queue 11:closed
Queue 12:closed
Queue 13:closed
Queue 14:closed
Queue 15:closed
Queue 16:closed
Queue 17:closed
Queue 18:closed
Queue 19:closed
Queue 20:closed
Time: 40
Waiting clients: (68 41 4)(42 43 4)(17 43 5)(52 43 7)(64 43 8)(67 44 9)(41 45 4)(28 45 9)(100 46 4)(71 47 6)(13 48 6)(34 49 9)(27 50 7)(73 50 8)(60 50 9)(48 52 6)(77 53 4)(62 53 5)(94 54 3)(19 54 4)(70 54 5)(80 54 5)(76 54 6)(84 56 8)(56 57 5)(3 57 8)(69 57 8)(35 58 5)(47 58 7)(10 59 6)(16 61 4)(1 62 7)(31 62 7)(78 63 8)(12 66 7)(79 68 7)(21 69 9)(66 70 3)(36 71 8)(90 71 8)(11 72 6)(18 72 6)(81 73 4)(83 75 3)(14 75 4)(24 75 7)(92 75 8)(43 79 5)(7 80 8)(87 80 8)(72 83 5)(89 84 3)(74 85 3)(98 87 5)(96 88 7)(97 89 5)(25 91 5)(22 92 9)(53 93 3)(4 93 5)(45 94 3)(85 95 9)(39 97 8)(9 97 9)(32 98 4)(49 98 6)(63 99 8)
Queue 1:(82 35 4)
Queue 2:(59 36 5)
Queue 3:(51 37 4)
Queue 4:(46 38 6)
Queue 5:(44 39 2)
Queue 6:(37 39 4)
Queue 7:(33 40 5)
Queue 8:closed
Queue 9:closed
Queue 10:closed
Queue 11:closed
Queue 12:closed
Queue 13:closed
Queue 14:closed
Queue 15:closed
Queue 16:closed
Queue 17:closed
Queue 18:closed
Queue 19:closed
Queue 20:closed
Time: 41
Waiting clients: (42 43 4)(17 43 5)(52 43 7)(64 43 8)(67 44 9)(41 45 4)(28 45 9)(100 46 4)(71 47 6)(13 48 6)(34 49 9)(27 50 7)(73 50 8)(60 50 9)(48 52 6)(77 53 4)(62 53 5)(94 54 3)(19 54 4)(70 54 5)(80 54 5)(76 54 6)(84 56 8)(56 57 5)(3 57 8)(69 57 8)(35 58 5)(47 58 7)(10 59 6)(16 61 4)(1 62 7)(31 62 7)(78 63 8)(12 66 7)(79 68 7)(21 69 9)(66 70 3)(36 71 8)(90 71 8)(11 72 6)(18 72 6)(81 73 4)(83 75 3)(14 75 4)(24 75 7)(92 75 8)(43 79 5)(7 80 8)(87 80 8)(72 83 5)(89 84 3)(74 85 3)(98 87 5)(96 88 7)(97 89 5)(25 91 5)(22 92 9)(53 93 3)(4 93 5)(45 94 3)(85 95 9)(39 97 8)(9 97 9)(32 98 4)(49 98 6)(63 99 8)
Queue 1:(82 35 3)
Queue 2:(59 36 4)
Queue 3:(51 37 3)
Queue 4:(46 38 5)
Queue 5:(44 39 1)
Queue 6:(37 39 3)
Queue 7:(33 40 4)
Queue 8:(68 41 4)
Queue 9:closed
Queue 10:closed
Queue 11:closed
Queue 12:closed
Queue 13:closed
Queue 14:closed
Queue 15:closed
Queue 16:closed
Queue 17:closed
Queue 18:closed
Queue 19:closed
Queue 20:closed
Time: 42
Waiting clients: (42 43 4)(17 43 5)(52 43 7)(64 43 8)(67 44 9)(41 45 4)(28 45 9)(100 46 4)(71 47 6)(13 48 6)(34 49 9)(27 50 7)(73 50 8)(60 50 9)(48 52 6)(77 53 4)(62 53 5)(94 54 3)(19 54 4)(70 54 5)(80 54 5)(76 54 6)(84 56 8)(56 57 5)(3 57 8)(69 57 8)(35 58 5)(47 58 7)(10 59 6)(16 61 4)(1 62 7)(31 62 7)(78 63 8)(12 66 7)(79 68 7)(21 69 9)(66 70 3)(36 71 8)(90 71 8)(11 72 6)(18 72 6)(81 73 4)(83 75 3)(14 75 4)(24 75 7)(92 75 8)(43 79 5)(7 80 8)(87 80 8)(72 83 5)(89 84 3)(74 85 3)(98 87 5)(96 88 7)(97 89 5)(25 91 5)(22 92 9)(53 93 3)(4 93 5)(45 94 3)(85 95 9)(39 97 8)(9 97 9)(32 98 4)(49 98 6)(63 99 8)
Queue 1:(82 35 2)
Queue 2:(59 36 3)
Queue 3:(51 37 2)
Queue 4:(46 38 4)
Queue 5:closed
Queue 6:(37 39 2)
Queue 7:(33 40 3)
Queue 8:(68 41 3)
Queue 9:closed
Queue 10:closed
Queue 11:closed
Queue 12:closed
Queue 13:closed
Queue 14:closed
Queue 15:closed
Queue 16:closed
Queue 17:closed
Queue 18:closed
Queue 19:closed
Queue 20:closed
Time: 43
Waiting clients: (67 44 9)(41 45 4)(28 45 9)(100 46 4)(71 47 6)(13 48 6)(34 49 9)(27 50 7)(73 50 8)(60 50 9)(48 52 6)(77 53 4)(62 53 5)(94 54 3)(19 54 4)(70 54 5)(80 54 5)(76 54 6)(84 56 8)(56 57 5)(3 57 8)(69 57 8)(35 58 5)(47 58 7)(10 59 6)(16 61 4)(1 62 7)(31 62 7)(78 63 8)(12 66 7)(79 68 7)(21 69 9)(66 70 3)(36 71 8)(90 71 8)(11 72 6)(18 72 6)(81 73 4)(83 75 3)(14 75 4)(24 75 7)(92 75 8)(43 79 5)(7 80 8)(87 80 8)(72 83 5)(89 84 3)(74 85 3)(98 87 5)(96 88 7)(97 89 5)(25 91 5)(22 92 9)(53 93 3)(4 93 5)(45 94 3)(85 95 9)(39 97 8)(9 97 9)(32 98 4)(49 98 6)(63 99 8)
Queue 1:(82 35 1)
Queue 2:(59 36 2)
Queue 3:(51 37 1)
Queue 4:(46 38 3)
Queue 5:(42 43 4)
Queue 6:(37 39 1)
Queue 7:(33 40 2)
Queue 8:(68 41 2)
Queue 9:(17 43 5)
Queue 10:(52 43 7)
Queue 11:(64 43 8)
Queue 12:closed
Queue 13:closed
Queue 14:closed
Queue 15:closed
Queue 16:closed
Queue 17:closed
Queue 18:closed
Queue 19:closed
Queue 20:closed
Time: 44
Waiting clients: (41 45 4)(28 45 9)(100 46 4)(71 47 6)(13 48 6)(34 49 9)(27 50 7)(73 50 8)(60 50 9)(48 52 6)(77 53 4)(62 53 5)(94 54 3)(19 54 4)(70 54 5)(80 54 5)(76 54 6)(84 56 8)(56 57 5)(3 57 8)(69 57 8)(35 58 5)(47 58 7)(10 59 6)(16 61 4)(1 62 7)(31 62 7)(78 63 8)(12 66 7)(79 68 7)(21 69 9)(66 70 3)(36 71 8)(90 71 8)(11 72 6)(18 72 6)(81 73 4)(83 75 3)(14 75 4)(24 75 7)(92 75 8)(43 79 5)(7 80 8)(87 80 8)(72 83 5)(89 84 3)(74 85 3)(98 87 5)(96 88 7)(97 89 5)(25 91 5)(22 92 9)(53 93 3)(4 93 5)(45 94 3)(85 95 9)(39 97 8)(9 97 9)(32 98 4)(49 98 6)(63 99 8)
Queue 1:closed
Queue 2:(59 36 1)
Queue 3:closed
Queue 4:(46 38 2)
Queue 5:(42 43 3)
Queue 6:closed
Queue 7:(33 40 1)
Queue 8:(68 41 1)
Queue 9:(17 43 4)
Queue 10:(52 43 6)
Queue 11:(64 43 7)
Queue 12:(67 44 9)
Queue 13:closed
Queue 14:closed
Queue 15:closed
Queue 16:closed
Queue 17:closed
Queue 18:closed
Queue 19:closed
Queue 20:closed
Time: 45
Waiting clients: (100 46 4)(71 47 6)(13 48 6)(34 49 9)(27 50 7)(73 50 8)(60 50 9)(48 52 6)(77 53 4)(62 53 5)(94 54 3)(19 54 4)(70 54 5)(80 54 5)(76 54 6)(84 56 8)(56 57 5)(3 57 8)(69 57 8)(35 58 5)(47 58 7)(10 59 6)(16 61 4)(1 62 7)(31 62 7)(78 63 8)(12 66 7)(79 68 7)(21 69 9)(66 70 3)(36 71 8)(90 71 8)(11 72 6)(18 72 6)(81 73 4)(83 75 3)(14 75 4)(24 75 7)(92 75 8)(43 79 5)(7 80 8)(87 80 8)(72 83 5)(89 84 3)(74 85 3)(98 87 5)(96 88 7)(97 89 5)(25 91 5)(22 92 9)(53 93 3)(4 93 5)(45 94 3)(85 95 9)(39 97 8)(9 97 9)(32 98 4)(49 98 6)(63 99 8)
Queue 1:(41 45 4)
Queue 2:closed
Queue 3:(28 45 9)
Queue 4:(46 38 1)
Queue 5:(42 43 2)
Queue 6:closed
Queue 7:closed
Queue 8:closed
Queue 9:(17 43 3)
Queue 10:(52 43 5)
Queue 11:(64 43 6)
Queue 12:(67 44 8)
Queue 13:closed
Queue 14:closed
Queue 15:closed
Queue 16:closed
Queue 17:closed
Queue 18:closed
Queue 19:closed
Queue 20:closed
Time: 46
Waiting clients: (71 47 6)(13 48 6)(34 49 9)(27 50 7)(73 50 8)(60 50 9)(48 52 6)(77 53 4)(62 53 5)(94 54 3)(19 54 4)(70 54 5)(80 54 5)(76 54 6)(84 56 8)(56 57 5)(3 57 8)(69 57 8)(35 58 5)(47 58 7)(10 59 6)(16 61 4)(1 62 7)(31 62 7)(78 63 8)(12 66 7)(79 68 7)(21 69 9)(66 70 3)(36 71 8)(90 71 8)(11 72 6)(18 72 6)(81 73 4)(83 75 3)(14 75 4)(24 75 7)(92 75 8)(43 79 5)(7 80 8)(87 80 8)(72 83 5)(89 84 3)(74 85 3)(98 87 5)(96 88 7)(97 89 5)(25 91 5)(22 92 9)(53 93 3)(4 93 5)(45 94 3)(85 95 9)(39 97 8)(9 97 9)(32 98 4)(49 98 6)(63 99 8)
Queue 1:(41 45 3)
Queue 2:(100 46 4)
Queue 3:(28 45 8)
Queue 4:closed
Queue 5:(42 43 1)
Queue 6:closed
Queue 7:closed
Queue 8:closed
Queue 9:(17 43 2)
Queue 10:(52 43 4)
Queue 11:(64 43 5)
Queue 12:(67 44 7)
Queue 13:closed
Queue 14:closed
Queue 15:closed
Queue 16:closed
Queue 17:closed
Queue 18:closed
Queue 19:closed
Queue 20:closed
Time: 47
Waiting clients: (13 48 6)(34 49 9)(27 50 7)(73 50 8)(60 50 9)(48 52 6)(77 53 4)(62 53 5)(94 54 3)(19 54 4)(70 54 5)(80 54 5)(76 54 6)(84 56 8)(56 57 5)(3 57 8)(69 57 8)(35 58 5)(47 58 7)(10 59 6)(16 61 4)(1 62 7)(31 62 7)(78 63 8)(12 66 7)(79 68 7)(21 69 9)(66 70 3)(36 71 8)(90 71 8)(11 72 6)(18 72 6)(81 73 4)(83 75 3)(14 75 4)(24 75 7)(92 75 8)(43 79 5)(7 80 8)(87 80 8)(72 83 5)(89 84 3)(74 85 3)(98 87 5)(96 88 7)(97 89 5)(25 91 5)(22 92 9)(53 93 3)(4 93 5)(45 94 3)(85 95 9)(39 97 8)(9 97 9)(32 98 4)(49 98 6)(63 99 8)
Queue 1:(41 45 2)
Queue 2:(100 46 3)
Queue 3:(28 45 7)
Queue 4:(71 47 6)
Queue 5:closed
Queue 6:closed
Queue 7:closed
Queue 8:closed
Queue 9:(17 43 1)
Queue 10:(52 43 3)
Queue 11:(64 43 4)
Queue 12:(67 44 6)
Queue 13:closed
Queue 14:closed
Queue 15:closed
Queue 16:closed
Queue 17:closed
Queue 18:closed
Queue 19:closed
Queue 20:closed
Time: 48
Waiting clients: (34 49 9)(27 50 7)(73 50 8)(60 50 9)(48 52 6)(77 53 4)(62 53 5)(94 54 3)(19 54 4)(70 54 5)(80 54 5)(76 54 6)(84 56 8)(56 57 5)(3 57 8)(69 57 8)(35 58 5)(47 58 7)(10 59 6)(16 61 4)(1 62 7)(31 62 7)(78 63 8)(12 66 7)(79 68 7)(21 69 9)(66 70 3)(36 71 8)(90 71 8)(11 72 6)(18 72 6)(81 73 4)(83 75 3)(14 75 4)(24 75 7)(92 75 8)(43 79 5)(7 80 8)(87 80 8)(72 83 5)(89 84 3)(74 85 3)(98 87 5)(96 88 7)(97 89 5)(25 91 5)(22 92 9)(53 93 3)(4 93 5)(45 94 3)(85 95 9)(39 97 8)(9 97 9)(32 98 4)(49 98 6)(63 99 8)
Queue 1:(41 45 1)
Queue 2:(100 46 2)
Queue 3:(28 45 6)
Queue 4:(71 47 5)
Queue 5:(13 48 6)
Queue 6:closed
Queue 7:closed
Queue 8:closed
Queue 9:closed
Queue 10:(52 43 2)
Queue 11:(64 43 3)
Queue 12:(67 44 5)
Queue 13:closed
Queue 14:closed
Queue 15:closed
Queue 16:closed
Queue 17:closed
Queue 18:closed
Queue 19:closed
Queue 20:closed
Time: 49
Waiting clients: (27 50 7)(73 50 8)(60 50 9)(48 52 6)(77 53 4)(62 53 5)(94 54 3)(19 54 4)(70 54 5)(80 54 5)(76 54 6)(84 56 8)(56 57 5)(3 57 8)(69 57 8)(35 58 5)(47 58 7)(10 59 6)(16 61 4)(1 62 7)(31 62 7)(78 63 8)(12 66 7)(79 68 7)(21 69 9)(66 70 3)(36 71 8)(90 71 8)(11 72 6)(18 72 6)(81 73 4)(83 75 3)(14 75 4)(24 75 7)(92 75 8)(43 79 5)(7 80 8)(87 80 8)(72 83 5)(89 84 3)(74 85 3)(98 87 5)(96 88 7)(97 89 5)(25 91 5)(22 92 9)(53 93 3)(4 93 5)(45 94 3)(85 95 9)(39 97 8)(9 97 9)(32 98 4)(49 98 6)(63 99 8)
Queue 1:closed
Queue 2:(100 46 1)
Queue 3:(28 45 5)
Queue 4:(71 47 4)
Queue 5:(13 48 5)
Queue 6:(34 49 9)
Queue 7:closed
Queue 8:closed
Queue 9:closed
Queue 10:(52 43 1)
Queue 11:(64 43 2)
Queue 12:(67 44 4)
Queue 13:closed
Queue 14:closed
Queue 15:closed
Queue 16:closed
Queue 17:closed
Queue 18:closed
Queue 19:closed
Queue 20:closed
Time: 50
Waiting clients: (48 52 6)(77 53 4)(62 53 5)(94 54 3)(19 54 4)(70 54 5)(80 54 5)(76 54 6)(84 56 8)(56 57 5)(3 57 8)(69 57 8)(35 58 5)(47 58 7)(10 59 6)(16 61 4)(1 62 7)(31 62 7)(78 63 8)(12 66 7)(79 68 7)(21 69 9)(66 70 3)(36 71 8)(90 71 8)(11 72 6)(18 72 6)(81 73 4)(83 75 3)(14 75 4)(24 75 7)(92 75 8)(43 79 5)(7 80 8)(87 80 8)(72 83 5)(89 84 3)(74 85 3)(98 87 5)(96 88 7)(97 89 5)(25 91 5)(22 92 9)(53 93 3)(4 93 5)(45 94 3)(85 95 9)(39 97 8)(9 97 9)(32 98 4)(49 98 6)(63 99 8)
Queue 1:(27 50 7)
Queue 2:closed
Queue 3:(28 45 4)
Queue 4:(71 47 3)
Queue 5:(13 48 4)
Queue 6:(34 49 8)
Queue 7:(73 50 8)
Queue 8:(60 50 9)
Queue 9:closed
Queue 10:closed
Queue 11:(64 43 1)
Queue 12:(67 44 3)
Queue 13:closed
Queue 14:closed
Queue 15:closed
Queue 16:closed
Queue 17:closed
Queue 18:closed
Queue 19:closed
Queue 20:closed
Time: 51
Waiting clients: (48 52 6)(77 53 4)(62 53 5)(94 54 3)(19 54 4)(70 54 5)(80 54 5)(76 54 6)(84 56 8)(56 57 5)(3 57 8)(69 57 8)(35 58 5)(47 58 7)(10 59 6)(16 61 4)(1 62 7)(31 62 7)(78 63 8)(12 66 7)(79 68 7)(21 69 9)(66 70 3)(36 71 8)(90 71 8)(11 72 6)(18 72 6)(81 73 4)(83 75 3)(14 75 4)(24 75 7)(92 75 8)(43 79 5)(7 80 8)(87 80 8)(72 83 5)(89 84 3)(74 85 3)(98 87 5)(96 88 7)(97 89 5)(25 91 5)(22 92 9)(53 93 3)(4 93 5)(45 94 3)(85 95 9)(39 97 8)(9 97 9)(32 98 4)(49 98 6)(63 99 8)
Queue 1:(27 50 6)
Queue 2:closed
Queue 3:(28 45 3)
Queue 4:(71 47 2)
Queue 5:(13 48 3)
Queue 6:(34 49 7)
Queue 7:(73 50 7)
Queue 8:(60 50 8)
Queue 9:closed
Queue 10:closed
Queue 11:closed
Queue 12:(67 44 2)
Queue 13:closed
Queue 14:closed
Queue 15:closed
Queue 16:closed
Queue 17:closed
Queue 18:closed
Queue 19:closed
Queue 20:closed
Time: 52
Waiting clients: (77 53 4)(62 53 5)(94 54 3)(19 54 4)(70 54 5)(80 54 5)(76 54 6)(84 56 8)(56 57 5)(3 57 8)(69 57 8)(35 58 5)(47 58 7)(10 59 6)(16 61 4)(1 62 7)(31 62 7)(78 63 8)(12 66 7)(79 68 7)(21 69 9)(66 70 3)(36 71 8)(90 71 8)(11 72 6)(18 72 6)(81 73 4)(83 75 3)(14 75 4)(24 75 7)(92 75 8)(43 79 5)(7 80 8)(87 80 8)(72 83 5)(89 84 3)(74 85 3)(98 87 5)(96 88 7)(97 89 5)(25 91 5)(22 92 9)(53 93 3)(4 93 5)(45 94 3)(85 95 9)(39 97 8)(9 97 9)(32 98 4)(49 98 6)(63 99 8)
Queue 1:(27 50 5)
Queue 2:(48 52 6)
Queue 3:(28 45 2)
Queue 4:(71 47 1)
Queue 5:(13 48 2)
Queue 6:(34 49 6)
Queue 7:(73 50 6)
Queue 8:(60 50 7)
Queue 9:closed
Queue 10:closed
Queue 11:closed
Queue 12:(67 44 1)
Queue 13:closed
Queue 14:closed
Queue 15:closed
Queue 16:closed
Queue 17:closed
Queue 18:closed
Queue 19:closed
Queue 20:closed
Time: 53
Waiting clients: (94 54 3)(19 54 4)(70 54 5)(80 54 5)(76 54 6)(84 56 8)(56 57 5)(3 57 8)(69 57 8)(35 58 5)(47 58 7)(10 59 6)(16 61 4)(1 62 7)(31 62 7)(78 63 8)(12 66 7)(79 68 7)(21 69 9)(66 70 3)(36 71 8)(90 71 8)(11 72 6)(18 72 6)(81 73 4)(83 75 3)(14 75 4)(24 75 7)(92 75 8)(43 79 5)(7 80 8)(87 80 8)(72 83 5)(89 84 3)(74 85 3)(98 87 5)(96 88 7)(97 89 5)(25 91 5)(22 92 9)(53 93 3)(4 93 5)(45 94 3)(85 95 9)(39 97 8)(9 97 9)(32 98 4)(49 98 6)(63 99 8)
Queue 1:(27 50 4)
Queue 2:(48 52 5)
Queue 3:(28 45 1)
Queue 4:closed
Queue 5:(13 48 1)
Queue 6:(34 49 5)
Queue 7:(73 50 5)
Queue 8:(60 50 6)
Queue 9:(77 53 4)
Queue 10:(62 53 5)
Queue 11:closed
Queue 12:closed
Queue 13:closed
Queue 14:closed
Queue 15:closed
Queue 16:closed
Queue 17:closed
Queue 18:closed
Queue 19:closed
Queue 20:closed
Time: 54
Waiting clients: (84 56 8)(56 57 5)(3 57 8)(69 57 8)(35 58 5)(47 58 7)(10 59 6)(16 61 4)(1 62 7)(31 62 7)(78 63 8)(12 66 7)(79 68 7)(21 69 9)(66 70 3)(36 71 8)(90 71 8)(11 72 6)(18 72 6)(81 73 4)(83 75 3)(14 75 4)(24 75 7)(92 75 8)(43 79 5)(7 80 8)(87 80 8)(72 83 5)(89 84 3)(74 85 3)(98 87 5)(96 88 7)(97 89 5)(25 91 5)(22 92 9)(53 93 3)(4 93 5)(45 94 3)(85 95 9)(39 97 8)(9 97 9)(32 98 4)(49 98 6)(63 99 8)
Queue 1:(27 50 3)
Queue 2:(48 52 4)
Queue 3:closed
Queue 4:(94 54 3)
Queue 5:closed
Queue 6:(34 49 4)
Queue 7:(73 50 4)
Queue 8:(60 50 5)
Queue 9:(77 53 3)
Queue 10:(62 53 4)
Queue 11:(19 54 4)
Queue 12:(70 54 5)
Queue 13:(80 54 5)
Queue 14:(76 54 6)
Queue 15:closed
Queue 16:closed
Queue 17:closed
Queue 18:closed
Queue 19:closed
Queue 20:closed
Time: 55
Waiting clients: (84 56 8)(56 57 5)(3 57 8)(69 57 8)(35 58 5)(47 58 7)(10 59 6)(16 61 4)(1 62 7)(31 62 7)(78 63 8)(12 66 7)(79 68 7)(21 69 9)(66 70 3)(36 71 8)(90 71 8)(11 72 6)(18 72 6)(81 73 4)(83 75 3)(14 75 4)(24 75 7)(92 75 8)(43 79 5)(7 80 8)(87 80 8)(72 83 5)(89 84 3)(74 85 3)(98 87 5)(96 88 7)(97 89 5)(25 91 5)(22 92 9)(53 93 3)(4 93 5)(45 94 3)(85 95 9)(39 97 8)(9 97 9)(32 98 4)(49 98 6)(63 99 8)
Queue 1:(27 50 2)
Queue 2:(48 52 3)
Queue 3:closed
Queue 4:(94 54 2)
Queue 5:closed
Queue 6:(34 49 3)
Queue 7:(73 50 3)
Queue 8:(60 50 4)
Queue 9:(77 53 2)
Queue 10:(62 53 3)
Queue 11:(19 54 3)
Queue 12:(70 54 4)
Queue 13:(80 54 4)
Queue 14:(76 54 5)
Queue 15:closed
Queue 16:closed
Queue 17:closed
Queue 18:closed
Queue 19:closed
Queue 20:closed
Time: 56
Waiting clients: (56 57 5)(3 57 8)(69 57 8)(35 58 5)(47 58 7)(10 59 6)(16 61 4)(1 62 7)(31 62 7)(78 63 8)(12 66 7)(79 68 7)(21 69 9)(66 70 3)(36 71 8)(90 71 8)(11 72 6)(18 72 6)(81 73 4)(83 75 3)(14 75 4)(24 75 7)(92 75 8)(43 79 5)(7 80 8)(87 80 8)(72 83 5)(89 84 3)(74 85 3)(98 87 5)(96 88 7)(97 89 5)(25 91 5)(22 92 9)(53 93 3)(4 93 5)(45 94 3)(85 95 9)(39 97 8)(9 97 9)(32 98 4)(49 98 6)(63 99 8)
Queue 1:(27 50 1)
Queue 2:(48 52 2)
Queue 3:(84 56 8)
Queue 4:(94 54 1)
Queue 5:closed
Queue 6:(34 49 2)
Queue 7:(73 50 2)
Queue 8:(60 50 3)
Queue 9:(77 53 1)
Queue 10:(62 53 2)
Queue 11:(19 54 2)
Queue 12:(70 54 3)
Queue 13:(80 54 3)
Queue 14:(76 54 4)
Queue 15:closed
Queue 16:closed
Queue 17:closed
Queue 18:closed
Queue 19:closed
Queue 20:closed
Time: 57
Waiting clients: (35 58 5)(47 58 7)(10 59 6)(16 61 4)(1 62 7)(31 62 7)(78 63 8)(12 66 7)(79 68 7)(21 69 9)(66 70 3)(36 71 8)(90 71 8)(11 72 6)(18 72 6)(81 73 4)(83 75 3)(14 75 4)(24 75 7)(92 75 8)(43 79 5)(7 80 8)(87 80 8)(72 83 5)(89 84 3)(74 85 3)(98 87 5)(96 88 7)(97 89 5)(25 91 5)(22 92 9)(53 93 3)(4 93 5)(45 94 3)(85 95 9)(39 97 8)(9 97 9)(32 98 4)(49 98 6)(63 99 8)
Queue 1:closed
Queue 2:(48 52 1)
Queue 3:(84 56 7)
Queue 4:closed
Queue 5:(56 57 5)
Queue 6:(34 49 1)
Queue 7:(73 50 1)
Queue 8:(60 50 2)
Queue 9:closed
Queue 10:(62 53 1)
Queue 11:(19 54 1)
Queue 12:(70 54 2)
Queue 13:(80 54 2)
Queue 14:(76 54 3)
Queue 15:(3 57 8)
Queue 16:(69 57 8)
Queue 17:closed
Queue 18:closed
Queue 19:closed
Queue 20:closed
Time: 58
Waiting clients: (10 59 6)(16 61 4)(1 62 7)(31 62 7)(78 63 8)(12 66 7)(79 68 7)(21 69 9)(66 70 3)(36 71 8)(90 71 8)(11 72 6)(18 72 6)(81 73 4)(83 75 3)(14 75 4)(24 75 7)(92 75 8)(43 79 5)(7 80 8)(87 80 8)(72 83 5)(89 84 3)(74 85 3)(98 87 5)(96 88 7)(97 89 5)(25 91 5)(22 92 9)(53 93 3)(4 93 5)(45 94 3)(85 95 9)(39 97 8)(9 97 9)(32 98 4)(49 98 6)(63 99 8)
Queue 1:(35 58 5)
Queue 2:closed
Queue 3:(84 56 6)
Queue 4:(47 58 7)
Queue 5:(56 57 4)
Queue 6:closed
Queue 7:closed
Queue 8:(60 50 1)
Queue 9:closed
Queue 10:closed
Queue 11:closed
Queue 12:(70 54 1)
Queue 13:(80 54 1)
Queue 14:(76 54 2)
Queue 15:(3 57 7)
Queue 16:(69 57 7)
Queue 17:closed
Queue 18:closed
Queue 19:closed
Queue 20:closed
Time: 59
Waiting clients: (16 61 4)(1 62 7)(31 62 7)(78 63 8)(12 66 7)(79 68 7)(21 69 9)(66 70 3)(36 71 8)(90 71 8)(11 72 6)(18 72 6)(81 73 4)(83 75 3)(14 75 4)(24 75 7)(92 75 8)(43 79 5)(7 80 8)(87 80 8)(72 83 5)(89 84 3)(74 85 3)(98 87 5)(96 88 7)(97 89 5)(25 91 5)(22 92 9)(53 93 3)(4 93 5)(45 94 3)(85 95 9)(39 97 8)(9 97 9)(32 98 4)(49 98 6)(63 99 8)
Queue 1:(35 58 4)
Queue 2:(10 59 6)
Queue 3:(84 56 5)
Queue 4:(47 58 6)
Queue 5:(56 57 3)
Queue 6:closed
Queue 7:closed
Queue 8:closed
Queue 9:closed
Queue 10:closed
Queue 11:closed
Queue 12:closed
Queue 13:closed
Queue 14:(76 54 1)
Queue 15:(3 57 6)
Queue 16:(69 57 6)
Queue 17:closed
Queue 18:closed
Queue 19:closed
Queue 20:closed
Time: 60
Waiting clients: (16 61 4)(1 62 7)(31 62 7)(78 63 8)(12 66 7)(79 68 7)(21 69 9)(66 70 3)(36 71 8)(90 71 8)(11 72 6)(18 72 6)(81 73 4)(83 75 3)(14 75 4)(24 75 7)(92 75 8)(43 79 5)(7 80 8)(87 80 8)(72 83 5)(89 84 3)(74 85 3)(98 87 5)(96 88 7)(97 89 5)(25 91 5)(22 92 9)(53 93 3)(4 93 5)(45 94 3)(85 95 9)(39 97 8)(9 97 9)(32 98 4)(49 98 6)(63 99 8)
Queue 1:(35 58 3)
Queue 2:(10 59 5)
Queue 3:(84 56 4)
Queue 4:(47 58 5)
Queue 5:(56 57 2)
Queue 6:closed
Queue 7:closed
Queue 8:closed
Queue 9:closed
Queue 10:closed
Queue 11:closed
Queue 12:closed
Queue 13:closed
Queue 14:closed
Queue 15:(3 57 5)
Queue 16:(69 57 5)
Queue 17:closed
Queue 18:closed
Queue 19:closed
Queue 20:closed
Time: 61
Waiting clients: (1 62 7)(31 62 7)(78 63 8)(12 66 7)(79 68 7)(21 69 9)(66 70 3)(36 71 8)(90 71 8)(11 72 6)(18 72 6)(81 73 4)(83 75 3)(14 75 4)(24 75 7)(92 75 8)(43 79 5)(7 80 8)(87 80 8)(72 83 5)(89 84 3)(74 85 3)(98 87 5)(96 88 7)(97 89 5)(25 91 5)(22 92 9)(53 93 3)(4 93 5)(45 94 3)(85 95 9)(39 97 8)(9 97 9)(32 98 4)(49 98 6)(63 99 8)
Queue 1:(35 58 2)
Queue 2:(10 59 4)
Queue 3:(84 56 3)
Queue 4:(47 58 4)
Queue 5:(56 57 1)
Queue 6:(16 61 4)
Queue 7:closed
Queue 8:closed
Queue 9:closed
Queue 10:closed
Queue 11:closed
Queue 12:closed
Queue 13:closed
Queue 14:closed
Queue 15:(3 57 4)
Queue 16:(69 57 4)
Queue 17:closed
Queue 18:closed
Queue 19:closed
Queue 20:closed
Time: 62
Waiting clients: (78 63 8)(12 66 7)(79 68 7)(21 69 9)(66 70 3)(36 71 8)(90 71 8)(11 72 6)(18 72 6)(81 73 4)(83 75 3)(14 75 4)(24 75 7)(92 75 8)(43 79 5)(7 80 8)(87 80 8)(72 83 5)(89 84 3)(74 85 3)(98 87 5)(96 88 7)(97 89 5)(25 91 5)(22 92 9)(53 93 3)(4 93 5)(45 94 3)(85 95 9)(39 97 8)(9 97 9)(32 98 4)(49 98 6)(63 99 8)
Queue 1:(35 58 1)
Queue 2:(10 59 3)
Queue 3:(84 56 2)
Queue 4:(47 58 3)
Queue 5:closed
Queue 6:(16 61 3)
Queue 7:(1 62 7)
Queue 8:(31 62 7)
Queue 9:closed
Queue 10:closed
Queue 11:closed
Queue 12:closed
Queue 13:closed
Queue 14:closed
Queue 15:(3 57 3)
Queue 16:(69 57 3)
Queue 17:closed
Queue 18:closed
Queue 19:closed
Queue 20:closed
Time: 63
Waiting clients: (12 66 7)(79 68 7)(21 69 9)(66 70 3)(36 71 8)(90 71 8)(11 72 6)(18 72 6)(81 73 4)(83 75 3)(14 75 4)(24 75 7)(92 75 8)(43 79 5)(7 80 8)(87 80 8)(72 83 5)(89 84 3)(74 85 3)(98 87 5)(96 88 7)(97 89 5)(25 91 5)(22 92 9)(53 93 3)(4 93 5)(45 94 3)(85 95 9)(39 97 8)(9 97 9)(32 98 4)(49 98 6)(63 99 8)
Queue 1:closed
Queue 2:(10 59 2)
Queue 3:(84 56 1)
Queue 4:(47 58 2)
Queue 5:(78 63 8)
Queue 6:(16 61 2)
Queue 7:(1 62 6)
Queue 8:(31 62 6)
Queue 9:closed
Queue 10:closed
Queue 11:closed
Queue 12:closed
Queue 13:closed
Queue 14:closed
Queue 15:(3 57 2)
Queue 16:(69 57 2)
Queue 17:closed
Queue 18:closed
Queue 19:closed
Queue 20:closed
Time: 64
Waiting clients: (12 66 7)(79 68 7)(21 69 9)(66 70 3)(36 71 8)(90 71 8)(11 72 6)(18 72 6)(81 73 4)(83 75 3)(14 75 4)(24 75 7)(92 75 8)(43 79 5)(7 80 8)(87 80 8)(72 83 5)(89 84 3)(74 85 3)(98 87 5)(96 88 7)(97 89 5)(25 91 5)(22 92 9)(53 93 3)(4 93 5)(45 94 3)(85 95 9)(39 97 8)(9 97 9)(32 98 4)(49 98 6)(63 99 8)
Queue 1:closed
Queue 2:(10 59 1)
Queue 3:closed
Queue 4:(47 58 1)
Queue 5:(78 63 7)
Queue 6:(16 61 1)
Queue 7:(1 62 5)
Queue 8:(31 62 5)
Queue 9:closed
Queue 10:closed
Queue 11:closed
Queue 12:closed
Queue 13:closed
Queue 14:closed
Queue 15:(3 57 1)
Queue 16:(69 57 1)
Queue 17:closed
Queue 18:closed
Queue 19:closed
Queue 20:closed
Time: 65
Waiting clients: (12 66 7)(79 68 7)(21 69 9)(66 70 3)(36 71 8)(90 71 8)(11 72 6)(18 72 6)(81 73 4)(83 75 3)(14 75 4)(24 75 7)(92 75 8)(43 79 5)(7 80 8)(87 80 8)(72 83 5)(89 84 3)(74 85 3)(98 87 5)(96 88 7)(97 89 5)(25 91 5)(22 92 9)(53 93 3)(4 93 5)(45 94 3)(85 95 9)(39 97 8)(9 97 9)(32 98 4)(49 98 6)(63 99 8)
Queue 1:closed
Queue 2:closed
Queue 3:closed
Queue 4:closed
Queue 5:(78 63 6)
Queue 6:closed
Queue 7:(1 62 4)
Queue 8:(31 62 4)
Queue 9:closed
Queue 10:closed
Queue 11:closed
Queue 12:closed
Queue 13:closed
Queue 14:closed
Queue 15:closed
Queue 16:closed
Queue 17:closed
Queue 18:closed
Queue 19:closed
Queue 20:closed
Time: 66
Waiting clients: (79 68 7)(21 69 9)(66 70 3)(36 71 8)(90 71 8)(11 72 6)(18 72 6)(81 73 4)(83 75 3)(14 75 4)(24 75 7)(92 75 8)(43 79 5)(7 80 8)(87 80 8)(72 83 5)(89 84 3)(74 85 3)(98 87 5)(96 88 7)(97 89 5)(25 91 5)(22 92 9)(53 93 3)(4 93 5)(45 94 3)(85 95 9)(39 97 8)(9 97 9)(32 98 4)(49 98 6)(63 99 8)
Queue 1:(12 66 7)
Queue 2:closed
Queue 3:closed
Queue 4:closed
Queue 5:(78 63 5)
Queue 6:closed
Queue 7:(1 62 3)
Queue 8:(31 62 3)
Queue 9:closed
Queue 10:closed
Queue 11:closed
Queue 12:closed
Queue 13:closed
Queue 14:closed
Queue 15:closed
Queue 16:closed
Queue 17:closed
Queue 18:closed
Queue 19:closed
Queue 20:closed
Time: 67
Waiting clients: (79 68 7)(21 69 9)(66 70 3)(36 71 8)(90 71 8)(11 72 6)(18 72 6)(81 73 4)(83 75 3)(14 75 4)(24 75 7)(92 75 8)(43 79 5)(7 80 8)(87 80 8)(72 83 5)(89 84 3)(74 85 3)(98 87 5)(96 88 7)(97 89 5)(25 91 5)(22 92 9)(53 93 3)(4 93 5)(45 94 3)(85 95 9)(39 97 8)(9 97 9)(32 98 4)(49 98 6)(63 99 8)
Queue 1:(12 66 6)
Queue 2:closed
Queue 3:closed
Queue 4:closed
Queue 5:(78 63 4)
Queue 6:closed
Queue 7:(1 62 2)
Queue 8:(31 62 2)
Queue 9:closed
Queue 10:closed
Queue 11:closed
Queue 12:closed
Queue 13:closed
Queue 14:closed
Queue 15:closed
Queue 16:closed
Queue 17:closed
Queue 18:closed
Queue 19:closed
Queue 20:closed
Time: 68
Waiting clients: (21 69 9)(66 70 3)(36 71 8)(90 71 8)(11 72 6)(18 72 6)(81 73 4)(83 75 3)(14 75 4)(24 75 7)(92 75 8)(43 79 5)(7 80 8)(87 80 8)(72 83 5)(89 84 3)(74 85 3)(98 87 5)(96 88 7)(97 89 5)(25 91 5)(22 92 9)(53 93 3)(4 93 5)(45 94 3)(85 95 9)(39 97 8)(9 97 9)(32 98 4)(49 98 6)(63 99 8)
Queue 1:(12 66 5)
Queue 2:(79 68 7)
Queue 3:closed
Queue 4:closed
Queue 5:(78 63 3)
Queue 6:closed
Queue 7:(1 62 1)
Queue 8:(31 62 1)
Queue 9:closed
Queue 10:closed
Queue 11:closed
Queue 12:closed
Queue 13:closed
Queue 14:closed
Queue 15:closed
Queue 16:closed
Queue 17:closed
Queue 18:closed
Queue 19:closed
Queue 20:closed
Time: 69
Waiting clients: (66 70 3)(36 71 8)(90 71 8)(11 72 6)(18 72 6)(81 73 4)(83 75 3)(14 75 4)(24 75 7)(92 75 8)(43 79 5)(7 80 8)(87 80 8)(72 83 5)(89 84 3)(74 85 3)(98 87 5)(96 88 7)(97 89 5)(25 91 5)(22 92 9)(53 93 3)(4 93 5)(45 94 3)(85 95 9)(39 97 8)(9 97 9)(32 98 4)(49 98 6)(63 99 8)
Queue 1:(12 66 4)
Queue 2:(79 68 6)
Queue 3:(21 69 9)
Queue 4:closed
Queue 5:(78 63 2)
Queue 6:closed
Queue 7:closed
Queue 8:closed
Queue 9:closed
Queue 10:closed
Queue 11:closed
Queue 12:closed
Queue 13:closed
Queue 14:closed
Queue 15:closed
Queue 16:closed
Queue 17:closed
Queue 18:closed
Queue 19:closed
Queue 20:closed
Time: 70
Waiting clients: (36 71 8)(90 71 8)(11 72 6)(18 72 6)(81 73 4)(83 75 3)(14 75 4)(24 75 7)(92 75 8)(43 79 5)(7 80 8)(87 80 8)(72 83 5)(89 84 3)(74 85 3)(98 87 5)(96 88 7)(97 89 5)(25 91 5)(22 92 9)(53 93 3)(4 93 5)(45 94 3)(85 95 9)(39 97 8)(9 97 9)(32 98 4)(49 98 6)(63 99 8)
Queue 1:(12 66 3)
Queue 2:(79 68 5)
Queue 3:(21 69 8)
Queue 4:(66 70 3)
Queue 5:(78 63 1)
Queue 6:closed
Queue 7:closed
Queue 8:closed
Queue 9:closed
Queue 10:closed
Queue 11:closed
Queue 12:closed
Queue 13:closed
Queue 14:closed
Queue 15:closed
Queue 16:closed
Queue 17:closed
Queue 18:closed
Queue 19:closed
Queue 20:closed
Time: 71
Waiting clients: (11 72 6)(18 72 6)(81 73 4)(83 75 3)(14 75 4)(24 75 7)(92 75 8)(43 79 5)(7 80 8)(87 80 8)(72 83 5)(89 84 3)(74 85 3)(98 87 5)(96 88 7)(97 89 5)(25 91 5)(22 92 9)(53 93 3)(4 93 5)(45 94 3)(85 95 9)(39 97 8)(9 97 9)(32 98 4)(49 98 6)(63 99 8)
Queue 1:(12 66 2)
Queue 2:(79 68 4)
Queue 3:(21 69 7)
Queue 4:(66 70 2)
Queue 5:closed
Queue 6:(36 71 8)
Queue 7:(90 71 8)
Queue 8:closed
Queue 9:closed
Queue 10:closed
Queue 11:closed
Queue 12:closed
Queue 13:closed
Queue 14:closed
Queue 15:closed
Queue 16:closed
Queue 17:closed
Queue 18:closed
Queue 19:closed
Queue 20:closed
Time: 72
Waiting clients: (81 73 4)(83 75 3)(14 75 4)(24 75 7)(92 75 8)(43 79 5)(7 80 8)(87 80 8)(72 83 5)(89 84 3)(74 85 3)(98 87 5)(96 88 7)(97 89 5)(25 91 5)(22 92 9)(53 93 3)(4 93 5)(45 94 3)(85 95 9)(39 97 8)(9 97 9)(32 98 4)(49 98 6)(63 99 8)
Queue 1:(12 66 1)
Queue 2:(79 68 3)
Queue 3:(21 69 6)
Queue 4:(66 70 1)
Queue 5:(11 72 6)
Queue 6:(36 71 7)
Queue 7:(90 71 7)
Queue 8:(18 72 6)
Queue 9:closed
Queue 10:closed
Queue 11:closed
Queue 12:closed
Queue 13:closed
Queue 14:closed
Queue 15:closed
Queue 16:closed
Queue 17:closed
Queue 18:closed
Queue 19:closed
Queue 20:closed
Time: 73
Waiting clients: (83 75 3)(14 75 4)(24 75 7)(92 75 8)(43 79 5)(7 80 8)(87 80 8)(72 83 5)(89 84 3)(74 85 3)(98 87 5)(96 88 7)(97 89 5)(25 91 5)(22 92 9)(53 93 3)(4 93 5)(45 94 3)(85 95 9)(39 97 8)(9 97 9)(32 98 4)(49 98 6)(63 99 8)
Queue 1:closed
Queue 2:(79 68 2)
Queue 3:(21 69 5)
Queue 4:closed
Queue 5:(11 72 5)
Queue 6:(36 71 6)
Queue 7:(90 71 6)
Queue 8:(18 72 5)
Queue 9:(81 73 4)
Queue 10:closed
Queue 11:closed
Queue 12:closed
Queue 13:closed
Queue 14:closed
Queue 15:closed
Queue 16:closed
Queue 17:closed
Queue 18:closed
Queue 19:closed
Queue 20:closed
Time: 74
Waiting clients: (83 75 3)(14 75 4)(24 75 7)(92 75 8)(43 79 5)(7 80 8)(87 80 8)(72 83 5)(89 84 3)(74 85 3)(98 87 5)(96 88 7)(97 89 5)(25 91 5)(22 92 9)(53 93 3)(4 93 5)(45 94 3)(85 95 9)(39 97 8)(9 97 9)(32 98 4)(49 98 6)(63 99 8)
Queue 1:closed
Queue 2:(79 68 1)
Queue 3:(21 69 4)
Queue 4:closed
Queue 5:(11 72 4)
Queue 6:(36 71 5)
Queue 7:(90 71 5)
Queue 8:(18 72 4)
Queue 9:(81 73 3)
Queue 10:closed
Queue 11:closed
Queue 12:closed
Queue 13:closed
Queue 14:closed
Queue 15:closed
Queue 16:closed
Queue 17:closed
Queue 18:closed
Queue 19:closed
Queue 20:closed
Time: 75
Waiting clients: (43 79 5)(7 80 8)(87 80 8)(72 83 5)(89 84 3)(74 85 3)(98 87 5)(96 88 7)(97 89 5)(25 91 5)(22 92 9)(53 93 3)(4 93 5)(45 94 3)(85 95 9)(39 97 8)(9 97 9)(32 98 4)(49 98 6)(63 99 8)
Queue 1:(83 75 3)
Queue 2:closed
Queue 3:(21 69 3)
Queue 4:(14 75 4)
Queue 5:(11 72 3)
Queue 6:(36 71 4)
Queue 7:(90 71 4)
Queue 8:(18 72 3)
Queue 9:(81 73 2)
Queue 10:(24 75 7)
Queue 11:(92 75 8)
Queue 12:closed
Queue 13:closed
Queue 14:closed
Queue 15:closed
Queue 16:closed
Queue 17:closed
Queue 18:closed
Queue 19:closed
Queue 20:closed
Time: 76
Waiting clients: (43 79 5)(7 80 8)(87 80 8)(72 83 5)(89 84 3)(74 85 3)(98 87 5)(96 88 7)(97 89 5)(25 91 5)(22 92 9)(53 93 3)(4 93 5)(45 94 3)(85 95 9)(39 97 8)(9 97 9)(32 98 4)(49 98 6)(63 99 8)
Queue 1:(83 75 2)
Queue 2:closed
Queue 3:(21 69 2)
Queue 4:(14 75 3)
Queue 5:(11 72 2)
Queue 6:(36 71 3)
Queue 7:(90 71 3)
Queue 8:(18 72 2)
Queue 9:(81 73 1)
Queue 10:(24 75 6)
Queue 11:(92 75 7)
Queue 12:closed
Queue 13:closed
Queue 14:closed
Queue 15:closed
Queue 16:closed
Queue 17:closed
Queue 18:closed
Queue 19:closed
Queue 20:closed
Time: 77
Waiting clients: (43 79 5)(7 80 8)(87 80 8)(72 83 5)(89 84 3)(74 85 3)(98 87 5)(96 88 7)(97 89 5)(25 91 5)(22 92 9)(53 93 3)(4 93 5)(45 94 3)(85 95 9)(39 97 8)(9 97 9)(32 98 4)(49 98 6)(63 99 8)
Queue 1:(83 75 1)
Queue 2:closed
Queue 3:(21 69 1)
Queue 4:(14 75 2)
Queue 5:(11 72 1)
Queue 6:(36 71 2)
Queue 7:(90 71 2)
Queue 8:(18 72 1)
Queue 9:closed
Queue 10:(24 75 5)
Queue 11:(92 75 6)
Queue 12:closed
Queue 13:closed
Queue 14:closed
Queue 15:closed
Queue 16:closed
Queue 17:closed
Queue 18:closed
Queue 19:closed
Queue 20:closed
Time: 78
Waiting clients: (43 79 5)(7 80 8)(87 80 8)(72 83 5)(89 84 3)(74 85 3)(98 87 5)(96 88 7)(97 89 5)(25 91 5)(22 92 9)(53 93 3)(4 93 5)(45 94 3)(85 95 9)(39 97 8)(9 97 9)(32 98 4)(49 98 6)(63 99 8)
Queue 1:closed
Queue 2:closed
Queue 3:closed
Queue 4:(14 75 1)
Queue 5:closed
Queue 6:(36 71 1)
Queue 7:(90 71 1)
Queue 8:closed
Queue 9:closed
Queue 10:(24 75 4)
Queue 11:(92 75 5)
Queue 12:closed
Queue 13:closed
Queue 14:closed
Queue 15:closed
Queue 16:closed
Queue 17:closed
Queue 18:closed
Queue 19:closed
Queue 20:closed
Time: 79
Waiting clients: (7 80 8)(87 80 8)(72 83 5)(89 84 3)(74 85 3)(98 87 5)(96 88 7)(97 89 5)(25 91 5)(22 92 9)(53 93 3)(4 93 5)(45 94 3)(85 95 9)(39 97 8)(9 97 9)(32 98 4)(49 98 6)(63 99 8)
Queue 1:(43 79 5)
Queue 2:closed
Queue 3:closed
Queue 4:closed
Queue 5:closed
Queue 6:closed
Queue 7:closed
Queue 8:closed
Queue 9:closed
Queue 10:(24 75 3)
Queue 11:(92 75 4)
Queue 12:closed
Queue 13:closed
Queue 14:closed
Queue 15:closed
Queue 16:closed
Queue 17:closed
Queue 18:closed
Queue 19:closed
Queue 20:closed
Time: 80
Waiting clients: (72 83 5)(89 84 3)(74 85 3)(98 87 5)(96 88 7)(97 89 5)(25 91 5)(22 92 9)(53 93 3)(4 93 5)(45 94 3)(85 95 9)(39 97 8)(9 97 9)(32 98 4)(49 98 6)(63 99 8)
Queue 1:(43 79 4)
Queue 2:(7 80 8)
Queue 3:(87 80 8)
Queue 4:closed
Queue 5:closed
Queue 6:closed
Queue 7:closed
Queue 8:closed
Queue 9:closed
Queue 10:(24 75 2)
Queue 11:(92 75 3)
Queue 12:closed
Queue 13:closed
Queue 14:closed
Queue 15:closed
Queue 16:closed
Queue 17:closed
Queue 18:closed
Queue 19:closed
Queue 20:closed
Time: 81
Waiting clients: (72 83 5)(89 84 3)(74 85 3)(98 87 5)(96 88 7)(97 89 5)(25 91 5)(22 92 9)(53 93 3)(4 93 5)(45 94 3)(85 95 9)(39 97 8)(9 97 9)(32 98 4)(49 98 6)(63 99 8)
Queue 1:(43 79 3)
Queue 2:(7 80 7)
Queue 3:(87 80 7)
Queue 4:closed
Queue 5:closed
Queue 6:closed
Queue 7:closed
Queue 8:closed
Queue 9:closed
Queue 10:(24 75 1)
Queue 11:(92 75 2)
Queue 12:closed
Queue 13:closed
Queue 14:closed
Queue 15:closed
Queue 16:closed
Queue 17:closed
Queue 18:closed
Queue 19:closed
Queue 20:closed
Time: 82
Waiting clients: (72 83 5)(89 84 3)(74 85 3)(98 87 5)(96 88 7)(97 89 5)(25 91 5)(22 92 9)(53 93 3)(4 93 5)(45 94 3)(85 95 9)(39 97 8)(9 97 9)(32 98 4)(49 98 6)(63 99 8)
Queue 1:(43 79 2)
Queue 2:(7 80 6)
Queue 3:(87 80 6)
Queue 4:closed
Queue 5:closed
Queue 6:closed
Queue 7:closed
Queue 8:closed
Queue 9:closed
Queue 10:closed
Queue 11:(92 75 1)
Queue 12:closed
Queue 13:closed
Queue 14:closed
Queue 15:closed
Queue 16:closed
Queue 17:closed
Queue 18:closed
Queue 19:closed
Queue 20:closed
Time: 83
Waiting clients: (89 84 3)(74 85 3)(98 87 5)(96 88 7)(97 89 5)(25 91 5)(22 92 9)(53 93 3)(4 93 5)(45 94 3)(85 95 9)(39 97 8)(9 97 9)(32 98 4)(49 98 6)(63 99 8)
Queue 1:(43 79 1)
Queue 2:(7 80 5)
Queue 3:(87 80 5)
Queue 4:(72 83 5)
Queue 5:closed
Queue 6:closed
Queue 7:closed
Queue 8:closed
Queue 9:closed
Queue 10:closed
Queue 11:closed
Queue 12:closed
Queue 13:closed
Queue 14:closed
Queue 15:closed
Queue 16:closed
Queue 17:closed
Queue 18:closed
Queue 19:closed
Queue 20:closed
Time: 84
Waiting clients: (74 85 3)(98 87 5)(96 88 7)(97 89 5)(25 91 5)(22 92 9)(53 93 3)(4 93 5)(45 94 3)(85 95 9)(39 97 8)(9 97 9)(32 98 4)(49 98 6)(63 99 8)
Queue 1:closed
Queue 2:(7 80 4)
Queue 3:(87 80 4)
Queue 4:(72 83 4)
Queue 5:(89 84 3)
Queue 6:closed
Queue 7:closed
Queue 8:closed
Queue 9:closed
Queue 10:closed
Queue 11:closed
Queue 12:closed
Queue 13:closed
Queue 14:closed
Queue 15:closed
Queue 16:closed
Queue 17:closed
Queue 18:closed
Queue 19:closed
Queue 20:closed
Time: 85
Waiting clients: (98 87 5)(96 88 7)(97 89 5)(25 91 5)(22 92 9)(53 93 3)(4 93 5)(45 94 3)(85 95 9)(39 97 8)(9 97 9)(32 98 4)(49 98 6)(63 99 8)
Queue 1:(74 85 3)
Queue 2:(7 80 3)
Queue 3:(87 80 3)
Queue 4:(72 83 3)
Queue 5:(89 84 2)
Queue 6:closed
Queue 7:closed
Queue 8:closed
Queue 9:closed
Queue 10:closed
Queue 11:closed
Queue 12:closed
Queue 13:closed
Queue 14:closed
Queue 15:closed
Queue 16:closed
Queue 17:closed
Queue 18:closed
Queue 19:closed
Queue 20:closed
Time: 86
Waiting clients: (98 87 5)(96 88 7)(97 89 5)(25 91 5)(22 92 9)(53 93 3)(4 93 5)(45 94 3)(85 95 9)(39 97 8)(9 97 9)(32 98 4)(49 98 6)(63 99 8)
Queue 1:(74 85 2)
Queue 2:(7 80 2)
Queue 3:(87 80 2)
Queue 4:(72 83 2)
Queue 5:(89 84 1)
Queue 6:closed
Queue 7:closed
Queue 8:closed
Queue 9:closed
Queue 10:closed
Queue 11:closed
Queue 12:closed
Queue 13:closed
Queue 14:closed
Queue 15:closed
Queue 16:closed
Queue 17:closed
Queue 18:closed
Queue 19:closed
Queue 20:closed
Time: 87
Waiting clients: (96 88 7)(97 89 5)(25 91 5)(22 92 9)(53 93 3)(4 93 5)(45 94 3)(85 95 9)(39 97 8)(9 97 9)(32 98 4)(49 98 6)(63 99 8)
Queue 1:(74 85 1)
Queue 2:(7 80 1)
Queue 3:(87 80 1)
Queue 4:(72 83 1)
Queue 5:closed
Queue 6:(98 87 5)
Queue 7:closed
Queue 8:closed
Queue 9:closed
Queue 10:closed
Queue 11:closed
Queue 12:closed
Queue 13:closed
Queue 14:closed
Queue 15:closed
Queue 16:closed
Queue 17:closed
Queue 18:closed
Queue 19:closed
Queue 20:closed
Time: 88
Waiting clients: (97 89 5)(25 91 5)(22 92 9)(53 93 3)(4 93 5)(45 94 3)(85 95 9)(39 97 8)(9 97 9)(32 98 4)(49 98 6)(63 99 8)
Queue 1:closed
Queue 2:closed
Queue 3:closed
Queue 4:closed
Queue 5:(96 88 7)
Queue 6:(98 87 4)
Queue 7:closed
Queue 8:closed
Queue 9:closed
Queue 10:closed
Queue 11:closed
Queue 12:closed
Queue 13:closed
Queue 14:closed
Queue 15:closed
Queue 16:closed
Queue 17:closed
Queue 18:closed
Queue 19:closed
Queue 20:closed
Time: 89
Waiting clients: (25 91 5)(22 92 9)(53 93 3)(4 93 5)(45 94 3)(85 95 9)(39 97 8)(9 97 9)(32 98 4)(49 98 6)(63 99 8)
Queue 1:(97 89 5)
Queue 2:closed
Queue 3:closed
Queue 4:closed
Queue 5:(96 88 6)
Queue 6:(98 87 3)
Queue 7:closed
Queue 8:closed
Queue 9:closed
Queue 10:closed
Queue 11:closed
Queue 12:closed
Queue 13:closed
Queue 14:closed
Queue 15:closed
Queue 16:closed
Queue 17:closed
Queue 18:closed
Queue 19:closed
Queue 20:closed
Time: 90
Waiting clients: (25 91 5)(22 92 9)(53 93 3)(4 93 5)(45 94 3)(85 95 9)(39 97 8)(9 97 9)(32 98 4)(49 98 6)(63 99 8)
Queue 1:(97 89 4)
Queue 2:closed
Queue 3:closed
Queue 4:closed
Queue 5:(96 88 5)
Queue 6:(98 87 2)
Queue 7:closed
Queue 8:closed
Queue 9:closed
Queue 10:closed
Queue 11:closed
Queue 12:closed
Queue 13:closed
Queue 14:closed
Queue 15:closed
Queue 16:closed
Queue 17:closed
Queue 18:closed
Queue 19:closed
Queue 20:closed
Time: 91
Waiting clients: (22 92 9)(53 93 3)(4 93 5)(45 94 3)(85 95 9)(39 97 8)(9 97 9)(32 98 4)(49 98 6)(63 99 8)
Queue 1:(97 89 3)
Queue 2:(25 91 5)
Queue 3:closed
Queue 4:closed
Queue 5:(96 88 4)
Queue 6:(98 87 1)
Queue 7:closed
Queue 8:closed
Queue 9:closed
Queue 10:closed
Queue 11:closed
Queue 12:closed
Queue 13:closed
Queue 14:closed
Queue 15:closed
Queue 16:closed
Queue 17:closed
Queue 18:closed
Queue 19:closed
Queue 20:closed
Time: 92
Waiting clients: (53 93 3)(4 93 5)(45 94 3)(85 95 9)(39 97 8)(9 97 9)(32 98 4)(49 98 6)(63 99 8)
Queue 1:(97 89 2)
Queue 2:(25 91 4)
Queue 3:(22 92 9)
Queue 4:closed
Queue 5:(96 88 3)
Queue 6:closed
Queue 7:closed
Queue 8:closed
Queue 9:closed
Queue 10:closed
Queue 11:closed
Queue 12:closed
Queue 13:closed
Queue 14:closed
Queue 15:closed
Queue 16:closed
Queue 17:closed
Queue 18:closed
Queue 19:closed
Queue 20:closed
Time: 93
Waiting clients: (45 94 3)(85 95 9)(39 97 8)(9 97 9)(32 98 4)(49 98 6)(63 99 8)
Queue 1:(97 89 1)
Queue 2:(25 91 3)
Queue 3:(22 92 8)
Queue 4:(53 93 3)
Queue 5:(96 88 2)
Queue 6:(4 93 5)
Queue 7:closed
Queue 8:closed
Queue 9:closed
Queue 10:closed
Queue 11:closed
Queue 12:closed
Queue 13:closed
Queue 14:closed
Queue 15:closed
Queue 16:closed
Queue 17:closed
Queue 18:closed
Queue 19:closed
Queue 20:closed
Time: 94
Waiting clients: (85 95 9)(39 97 8)(9 97 9)(32 98 4)(49 98 6)(63 99 8)
Queue 1:closed
Queue 2:(25 91 2)
Queue 3:(22 92 7)
Queue 4:(53 93 2)
Queue 5:(96 88 1)
Queue 6:(4 93 4)
Queue 7:(45 94 3)
Queue 8:closed
Queue 9:closed
Queue 10:closed
Queue 11:closed
Queue 12:closed
Queue 13:closed
Queue 14:closed
Queue 15:closed
Queue 16:closed
Queue 17:closed
Queue 18:closed
Queue 19:closed
Queue 20:closed
Time: 95
Waiting clients: (39 97 8)(9 97 9)(32 98 4)(49 98 6)(63 99 8)
Queue 1:(85 95 9)
Queue 2:(25 91 1)
Queue 3:(22 92 6)
Queue 4:(53 93 1)
Queue 5:closed
Queue 6:(4 93 3)
Queue 7:(45 94 2)
Queue 8:closed
Queue 9:closed
Queue 10:closed
Queue 11:closed
Queue 12:closed
Queue 13:closed
Queue 14:closed
Queue 15:closed
Queue 16:closed
Queue 17:closed
Queue 18:closed
Queue 19:closed
Queue 20:closed
Time: 96
Waiting clients: (39 97 8)(9 97 9)(32 98 4)(49 98 6)(63 99 8)
Queue 1:(85 95 8)
Queue 2:closed
Queue 3:(22 92 5)
Queue 4:closed
Queue 5:closed
Queue 6:(4 93 2)
Queue 7:(45 94 1)
Queue 8:closed
Queue 9:closed
Queue 10:closed
Queue 11:closed
Queue 12:closed
Queue 13:closed
Queue 14:closed
Queue 15:closed
Queue 16:closed
Queue 17:closed
Queue 18:closed
Queue 19:closed
Queue 20:closed
Time: 97
Waiting clients: (32 98 4)(49 98 6)(63 99 8)
Queue 1:(85 95 7)
Queue 2:(39 97 8)
Queue 3:(22 92 4)
Queue 4:(9 97 9)
Queue 5:closed
Queue 6:(4 93 1)
Queue 7:closed
Queue 8:closed
Queue 9:closed
Queue 10:closed
Queue 11:closed
Queue 12:closed
Queue 13:closed
Queue 14:closed
Queue 15:closed
Queue 16:closed
Queue 17:closed
Queue 18:closed
Queue 19:closed
Queue 20:closed
Time: 98
Waiting clients: (63 99 8)
Queue 1:(85 95 6)
Queue 2:(39 97 7)
Queue 3:(22 92 3)
Queue 4:(9 97 8)
Queue 5:(32 98 4)
Queue 6:closed
Queue 7:(49 98 6)
Queue 8:closed
Queue 9:closed
Queue 10:closed
Queue 11:closed
Queue 12:closed
Queue 13:closed
Queue 14:closed
Queue 15:closed
Queue 16:closed
Queue 17:closed
Queue 18:closed
Queue 19:closed
Queue 20:closed
Time: 99
Waiting clients: 
Queue 1:(85 95 5)
Queue 2:(39 97 6)
Queue 3:(22 92 2)
Queue 4:(9 97 7)
Queue 5:(32 98 3)
Queue 6:(63 99 8)
Queue 7:(49 98 5)
Queue 8:closed
Queue 9:closed
Queue 10:closed
Queue 11:closed
Queue 12:closed
Queue 13:closed
Queue 14:closed
Queue 15:closed
Queue 16:closed
Queue 17:closed
Queue 18:closed
Queue 19:closed
Queue 20:closed
Time: 100
Waiting clients: 
Queue 1:(85 95 4)
Queue 2:(39 97 5)
Queue 3:(22 92 1)
Queue 4:(9 97 6)
Queue 5:(32 98 2)
Queue 6:(63 99 7)
Queue 7:(49 98 4)
Queue 8:closed
Queue 9:closed
Queue 10:closed
Queue 11:closed
Queue 12:closed
Queue 13:closed
Queue 14:closed
Queue 15:closed
Queue 16:closed
Queue 17:closed
Queue 18:closed
Queue 19:closed
Queue 20:closed
Time: 101
Waiting clients: 
Queue 1:(85 95 3)
Queue 2:(39 97 4)
Queue 3:closed
Queue 4:(9 97 5)
Queue 5:(32 98 1)
Queue 6:(63 99 6)
Queue 7:(49 98 3)
Queue 8:closed
Queue 9:closed
Queue 10:closed
Queue 11:closed
Queue 12:closed
Queue 13:closed
Queue 14:closed
Queue 15:closed
Queue 16:closed
Queue 17:closed
Queue 18:closed
Queue 19:closed
Queue 20:closed
Time: 102
Waiting clients: 
Queue 1:(85 95 2)
Queue 2:(39 97 3)
Queue 3:closed
Queue 4:(9 97 4)
Queue 5:closed
Queue 6:(63 99 5)
Queue 7:(49 98 2)
Queue 8:closed
Queue 9:closed
Queue 10:closed
Queue 11:closed
Queue 12:closed
Queue 13:closed
Queue 14:closed
Queue 15:closed
Queue 16:closed
Queue 17:closed
Queue 18:closed
Queue 19:closed
Queue 20:closed
Time: 103
Waiting clients: 
Queue 1:(85 95 1)
Queue 2:(39 97 2)
Queue 3:closed
Queue 4:(9 97 3)
Queue 5:closed
Queue 6:(63 99 4)
Queue 7:(49 98 1)
Queue 8:closed
Queue 9:closed
Queue 10:closed
Queue 11:closed
Queue 12:closed
Queue 13:closed
Queue 14:closed
Queue 15:closed
Queue 16:closed
Queue 17:closed
Queue 18:closed
Queue 19:closed
Queue 20:closed
Time: 104
Waiting clients: 
Queue 1:closed
Queue 2:(39 97 1)
Queue 3:closed
Queue 4:(9 97 2)
Queue 5:closed
Queue 6:(63 99 3)
Queue 7:closed
Queue 8:closed
Queue 9:closed
Queue 10:closed
Queue 11:closed
Queue 12:closed
Queue 13:closed
Queue 14:closed
Queue 15:closed
Queue 16:closed
Queue 17:closed
Queue 18:closed
Queue 19:closed
Queue 20:closed
Time: 105
Waiting clients: 
Queue 1:closed
Queue 2:closed
Queue 3:closed
Queue 4:(9 97 1)
Queue 5:closed
Queue 6:(63 99 2)
Queue 7:closed
Queue 8:closed
Queue 9:closed
Queue 10:closed
Queue 11:closed
Queue 12:closed
Queue 13:closed
Queue 14:closed
Queue 15:closed
Queue 16:closed
Queue 17:closed
Queue 18:closed
Queue 19:closed
Queue 20:closed
Time: 106
Waiting clients: 
Queue 1:closed
Queue 2:closed
Queue 3:closed
Queue 4:closed
Queue 5:closed
Queue 6:(63 99 1)
Queue 7:closed
Queue 8:closed
Queue 9:closed
Queue 10:closed
Queue 11:closed
Queue 12:closed
Queue 13:closed
Queue 14:closed
Queue 15:closed
Queue 16:closed
Queue 17:closed
Queue 18:closed
Queue 19:closed
Queue 20:closed
Time: 107
Waiting clients: 
Queue 1:closed
Queue 2:closed
Queue 3:closed
Queue 4:closed
Queue 5:closed
Queue 6:closed
Queue 7:closed
Queue 8:closed
Queue 9:closed
Queue 10:closed
Queue 11:closed
Queue 12:closed
Queue 13:closed
Queue 14:closed
Queue 15:closed
Queue 16:closed
Queue 17:closed
Queue 18:closed
Queue 19:closed
Queue 20:closed
Time: 108
Waiting clients: 
Queue 1:closed
Queue 2:closed
Queue 3:closed
Queue 4:closed
Queue 5:closed
Queue 6:closed
Queue 7:closed
Queue 8:closed
Queue 9:closed
Queue 10:closed
Queue 11:closed
Queue 12:closed
Queue 13:closed
Queue 14:closed
Queue 15:closed
Queue 16:closed
Queue 17:closed
Queue 18:closed
Queue 19:closed
Queue 20:closed
Time: 109
Waiting clients: 
Queue 1:closed
Queue 2:closed
Queue 3:closed
Queue 4:closed
Queue 5:closed
Queue 6:closed
Queue 7:closed
Queue 8:closed
Queue 9:closed
Queue 10:closed
Queue 11:closed
Queue 12:closed
Queue 13:closed
Queue 14:closed
Queue 15:closed
Queue 16:closed
Queue 17:closed
Queue 18:closed
Queue 19:closed
Queue 20:closed
Time: 110
Waiting clients: 
Queue 1:closed
Queue 2:closed
Queue 3:closed
Queue 4:closed
Queue 5:closed
Queue 6:closed
Queue 7:closed
Queue 8:closed
Queue 9:closed
Queue 10:closed
Queue 11:closed
Queue 12:closed
Queue 13:closed
Queue 14:closed
Queue 15:closed
Queue 16:closed
Queue 17:closed
Queue 18:closed
Queue 19:closed
Queue 20:closed
Time: 111
Waiting clients: 
Queue 1:closed
Queue 2:closed
Queue 3:closed
Queue 4:closed
Queue 5:closed
Queue 6:closed
Queue 7:closed
Queue 8:closed
Queue 9:closed
Queue 10:closed
Queue 11:closed
Queue 12:closed
Queue 13:closed
Queue 14:closed
Queue 15:closed
Queue 16:closed
Queue 17:closed
Queue 18:closed
Queue 19:closed
Queue 20:closed
Time: 112
Waiting clients: 
Queue 1:closed
Queue 2:closed
Queue 3:closed
Queue 4:closed
Queue 5:closed
Queue 6:closed
Queue 7:closed
Queue 8:closed
Queue 9:closed
Queue 10:closed
Queue 11:closed
Queue 12:closed
Queue 13:closed
Queue 14:closed
Queue 15:closed
Queue 16:closed
Queue 17:closed
Queue 18:closed
Queue 19:closed
Queue 20:closed
Time: 113
Waiting clients: 
Queue 1:closed
Queue 2:closed
Queue 3:closed
Queue 4:closed
Queue 5:closed
Queue 6:closed
Queue 7:closed
Queue 8:closed
Queue 9:closed
Queue 10:closed
Queue 11:closed
Queue 12:closed
Queue 13:closed
Queue 14:closed
Queue 15:closed
Queue 16:closed
Queue 17:closed
Queue 18:closed
Queue 19:closed
Queue 20:closed
Time: 114
Waiting clients: 
Queue 1:closed
Queue 2:closed
Queue 3:closed
Queue 4:closed
Queue 5:closed
Queue 6:closed
Queue 7:closed
Queue 8:closed
Queue 9:closed
Queue 10:closed
Queue 11:closed
Queue 12:closed
Queue 13:closed
Queue 14:closed
Queue 15:closed
Queue 16:closed
Queue 17:closed
Queue 18:closed
Queue 19:closed
Queue 20:closed
Time: 115
Waiting clients: 
Queue 1:closed
Queue 2:closed
Queue 3:closed
Queue 4:closed
Queue 5:closed
Queue 6:closed
Queue 7:closed
Queue 8:closed
Queue 9:closed
Queue 10:closed
Queue 11:closed
Queue 12:closed
Queue 13:closed
Queue 14:closed
Queue 15:closed
Queue 16:closed
Queue 17:closed
Queue 18:closed
Queue 19:closed
Queue 20:closed
Time: 116
Waiting clients: 
Queue 1:closed
Queue 2:closed
Queue 3:closed
Queue 4:closed
Queue 5:closed
Queue 6:closed
Queue 7:closed
Queue 8:closed
Queue 9:closed
Queue 10:closed
Queue 11:closed
Queue 12:closed
Queue 13:closed
Queue 14:closed
Queue 15:closed
Queue 16:closed
Queue 17:closed
Queue 18:closed
Queue 19:closed
Queue 20:closed
Time: 117
Waiting clients: 
Queue 1:closed
Queue 2:closed
Queue 3:closed
Queue 4:closed
Queue 5:closed
Queue 6:closed
Queue 7:closed
Queue 8:closed
Queue 9:closed
Queue 10:closed
Queue 11:closed
Queue 12:closed
Queue 13:closed
Queue 14:closed
Queue 15:closed
Queue 16:closed
Queue 17:closed
Queue 18:closed
Queue 19:closed
Queue 20:closed
Time: 118
Waiting clients: 
Queue 1:closed
Queue 2:closed
Queue 3:closed
Queue 4:closed
Queue 5:closed
Queue 6:closed
Queue 7:closed
Queue 8:closed
Queue 9:closed
Queue 10:closed
Queue 11:closed
Queue 12:closed
Queue 13:closed
Queue 14:closed
Queue 15:closed
Queue 16:closed
Queue 17:closed
Queue 18:closed
Queue 19:closed
Queue 20:closed
Time: 119
Waiting clients: 
Queue 1:closed
Queue 2:closed
Queue 3:closed
Queue 4:closed
Queue 5:closed
Queue 6:closed
Queue 7:closed
Queue 8:closed
Queue 9:closed
Queue 10:closed
Queue 11:closed
Queue 12:closed
Queue 13:closed
Queue 14:closed
Queue 15:closed
Queue 16:closed
Queue 17:closed
Queue 18:closed
Queue 19:closed
Queue 20:closed
Time: 120
Waiting clients: 
Queue 1:closed
Queue 2:closed
Queue 3:closed
Queue 4:closed
Queue 5:closed
Queue 6:closed
Queue 7:closed
Queue 8:closed
Queue 9:closed
Queue 10:closed
Queue 11:closed
Queue 12:closed
Queue 13:closed
Queue 14:closed
Queue 15:closed
Queue 16:closed
Queue 17:closed
Queue 18:closed
Queue 19:closed
Queue 20:closed
Time: 121
Waiting clients: 
Queue 1:closed
Queue 2:closed
Queue 3:closed
Queue 4:closed
Queue 5:closed
Queue 6:closed
Queue 7:closed
Queue 8:closed
Queue 9:closed
Queue 10:closed
Queue 11:closed
Queue 12:closed
Queue 13:closed
Queue 14:closed
Queue 15:closed
Queue 16:closed
Queue 17:closed
Queue 18:closed
Queue 19:closed
Queue 20:closed
Time: 122
Waiting clients: 
Queue 1:closed
Queue 2:closed
Queue 3:closed
Queue 4:closed
Queue 5:closed
Queue 6:closed
Queue 7:closed
Queue 8:closed
Queue 9:closed
Queue 10:closed
Queue 11:closed
Queue 12:closed
Queue 13:closed
Queue 14:closed
Queue 15:closed
Queue 16:closed
Queue 17:closed
Queue 18:closed
Queue 19:closed
Queue 20:closed
Time: 123
Waiting clients: 
Queue 1:closed
Queue 2:closed
Queue 3:closed
Queue 4:closed
Queue 5:closed
Queue 6:closed
Queue 7:closed
Queue 8:closed
Queue 9:closed
Queue 10:closed
Queue 11:closed
Queue 12:closed
Queue 13:closed
Queue 14:closed
Queue 15:closed
Queue 16:closed
Queue 17:closed
Queue 18:closed
Queue 19:closed
Queue 20:closed
Time: 124
Waiting clients: 
Queue 1:closed
Queue 2:closed
Queue 3:closed
Queue 4:closed
Queue 5:closed
Queue 6:closed
Queue 7:closed
Queue 8:closed
Queue 9:closed
Queue 10:closed
Queue 11:closed
Queue 12:closed
Queue 13:closed
Queue 14:closed
Queue 15:closed
Queue 16:closed
Queue 17:closed
Queue 18:closed
Queue 19:closed
Queue 20:closed
Time: 125
Waiting clients: 
Queue 1:closed
Queue 2:closed
Queue 3:closed
Queue 4:closed
Queue 5:closed
Queue 6:closed
Queue 7:closed
Queue 8:closed
Queue 9:closed
Queue 10:closed
Queue 11:closed
Queue 12:closed
Queue 13:closed
Queue 14:closed
Queue 15:closed
Queue 16:closed
Queue 17:closed
Queue 18:closed
Queue 19:closed
Queue 20:closed
Time: 126
Waiting clients: 
Queue 1:closed
Queue 2:closed
Queue 3:closed
Queue 4:closed
Queue 5:closed
Queue 6:closed
Queue 7:closed
Queue 8:closed
Queue 9:closed
Queue 10:closed
Queue 11:closed
Queue 12:closed
Queue 13:closed
Queue 14:closed
Queue 15:closed
Queue 16:closed
Queue 17:closed
Queue 18:closed
Queue 19:closed
Queue 20:closed
Time: 127
Waiting clients: 
Queue 1:closed
Queue 2:closed
Queue 3:closed
Queue 4:closed
Queue 5:closed
Queue 6:closed
Queue 7:closed
Queue 8:closed
Queue 9:closed
Queue 10:closed
Queue 11:closed
Queue 12:closed
Queue 13:closed
Queue 14:closed
Queue 15:closed
Queue 16:closed
Queue 17:closed
Queue 18:closed
Queue 19:closed
Queue 20:closed
Time: 128
Waiting clients: 
Queue 1:closed
Queue 2:closed
Queue 3:closed
Queue 4:closed
Queue 5:closed
Queue 6:closed
Queue 7:closed
Queue 8:closed
Queue 9:closed
Queue 10:closed
Queue 11:closed
Queue 12:closed
Queue 13:closed
Queue 14:closed
Queue 15:closed
Queue 16:closed
Queue 17:closed
Queue 18:closed
Queue 19:closed
Queue 20:closed
Time: 129
Waiting clients: 
Queue 1:closed
Queue 2:closed
Queue 3:closed
Queue 4:closed
Queue 5:closed
Queue 6:closed
Queue 7:closed
Queue 8:closed
Queue 9:closed
Queue 10:closed
Queue 11:closed
Queue 12:closed
Queue 13:closed
Queue 14:closed
Queue 15:closed
Queue 16:closed
Queue 17:closed
Queue 18:closed
Queue 19:closed
Queue 20:closed
Time: 130
Waiting clients: 
Queue 1:closed
Queue 2:closed
Queue 3:closed
Queue 4:closed
Queue 5:closed
Queue 6:closed
Queue 7:closed
Queue 8:closed
Queue 9:closed
Queue 10:closed
Queue 11:closed
Queue 12:closed
Queue 13:closed
Queue 14:closed
Queue 15:closed
Queue 16:closed
Queue 17:closed
Queue 18:closed
Queue 19:closed
Queue 20:closed
Time: 131
Waiting clients: 
Queue 1:closed
Queue 2:closed
Queue 3:closed
Queue 4:closed
Queue 5:closed
Queue 6:closed
Queue 7:closed
Queue 8:closed
Queue 9:closed
Queue 10:closed
Queue 11:closed
Queue 12:closed
Queue 13:closed
Queue 14:closed
Queue 15:closed
Queue 16:closed
Queue 17:closed
Queue 18:closed
Queue 19:closed
Queue 20:closed
Time: 132
Waiting clients: 
Queue 1:closed
Queue 2:closed
Queue 3:closed
Queue 4:closed
Queue 5:closed
Queue 6:closed
Queue 7:closed
Queue 8:closed
Queue 9:closed
Queue 10:closed
Queue 11:closed
Queue 12:closed
Queue 13:closed
Queue 14:closed
Queue 15:closed
Queue 16:closed
Queue 17:closed
Queue 18:closed
Queue 19:closed
Queue 20:closed
Time: 133
Waiting clients: 
Queue 1:closed
Queue 2:closed
Queue 3:closed
Queue 4:closed
Queue 5:closed
Queue 6:closed
Queue 7:closed
Queue 8:closed
Queue 9:closed
Queue 10:closed
Queue 11:closed
Queue 12:closed
Queue 13:closed
Queue 14:closed
Queue 15:closed
Queue 16:closed
Queue 17:closed
Queue 18:closed
Queue 19:closed
Queue 20:closed
Time: 134
Waiting clients: 
Queue 1:closed
Queue 2:closed
Queue 3:closed
Queue 4:closed
Queue 5:closed
Queue 6:closed
Queue 7:closed
Queue 8:closed
Queue 9:closed
Queue 10:closed
Queue 11:closed
Queue 12:closed
Queue 13:closed
Queue 14:closed
Queue 15:closed
Queue 16:closed
Queue 17:closed
Queue 18:closed
Queue 19:closed
Queue 20:closed
Time: 135
Waiting clients: 
Queue 1:closed
Queue 2:closed
Queue 3:closed
Queue 4:closed
Queue 5:closed
Queue 6:closed
Queue 7:closed
Queue 8:closed
Queue 9:closed
Queue 10:closed
Queue 11:closed
Queue 12:closed
Queue 13:closed
Queue 14:closed
Queue 15:closed
Queue 16:closed
Queue 17:closed
Queue 18:closed
Queue 19:closed
Queue 20:closed
Time: 136
Waiting clients: 
Queue 1:closed
Queue 2:closed
Queue 3:closed
Queue 4:closed
Queue 5:closed
Queue 6:closed
Queue 7:closed
Queue 8:closed
Queue 9:closed
Queue 10:closed
Queue 11:closed
Queue 12:closed
Queue 13:closed
Queue 14:closed
Queue 15:closed
Queue 16:closed
Queue 17:closed
Queue 18:closed
Queue 19:closed
Queue 20:closed
Time: 137
Waiting clients: 
Queue 1:closed
Queue 2:closed
Queue 3:closed
Queue 4:closed
Queue 5:closed
Queue 6:closed
Queue 7:closed
Queue 8:closed
Queue 9:closed
Queue 10:closed
Queue 11:closed
Queue 12:closed
Queue 13:closed
Queue 14:closed
Queue 15:closed
Queue 16:closed
Queue 17:closed
Queue 18:closed
Queue 19:closed
Queue 20:closed
Time: 138
Waiting clients: 
Queue 1:closed
Queue 2:closed
Queue 3:closed
Queue 4:closed
Queue 5:closed
Queue 6:closed
Queue 7:closed
Queue 8:closed
Queue 9:closed
Queue 10:closed
Queue 11:closed
Queue 12:closed
Queue 13:closed
Queue 14:closed
Queue 15:closed
Queue 16:closed
Queue 17:closed
Queue 18:closed
Queue 19:closed
Queue 20:closed
Time: 139
Waiting clients: 
Queue 1:closed
Queue 2:closed
Queue 3:closed
Queue 4:closed
Queue 5:closed
Queue 6:closed
Queue 7:closed
Queue 8:closed
Queue 9:closed
Queue 10:closed
Queue 11:closed
Queue 12:closed
Queue 13:closed
Queue 14:closed
Queue 15:closed
Queue 16:closed
Queue 17:closed
Queue 18:closed
Queue 19:closed
Queue 20:closed
Time: 140
Waiting clients: 
Queue 1:closed
Queue 2:closed
Queue 3:closed
Queue 4:closed
Queue 5:closed
Queue 6:closed
Queue 7:closed
Queue 8:closed
Queue 9:closed
Queue 10:closed
Queue 11:closed
Queue 12:closed
Queue 13:closed
Queue 14:closed
Queue 15:closed
Queue 16:closed
Queue 17:closed
Queue 18:closed
Queue 19:closed
Queue 20:closed
Time: 141
Waiting clients: 
Queue 1:closed
Queue 2:closed
Queue 3:closed
Queue 4:closed
Queue 5:closed
Queue 6:closed
Queue 7:closed
Queue 8:closed
Queue 9:closed
Queue 10:closed
Queue 11:closed
Queue 12:closed
Queue 13:closed
Queue 14:closed
Queue 15:closed
Queue 16:closed
Queue 17:closed
Queue 18:closed
Queue 19:closed
Queue 20:closed
Time: 142
Waiting clients: 
Queue 1:closed
Queue 2:closed
Queue 3:closed
Queue 4:closed
Queue 5:closed
Queue 6:closed
Queue 7:closed
Queue 8:closed
Queue 9:closed
Queue 10:closed
Queue 11:closed
Queue 12:closed
Queue 13:closed
Queue 14:closed
Queue 15:closed
Queue 16:closed
Queue 17:closed
Queue 18:closed
Queue 19:closed
Queue 20:closed
Time: 143
Waiting clients: 
Queue 1:closed
Queue 2:closed
Queue 3:closed
Queue 4:closed
Queue 5:closed
Queue 6:closed
Queue 7:closed
Queue 8:closed
Queue 9:closed
Queue 10:closed
Queue 11:closed
Queue 12:closed
Queue 13:closed
Queue 14:closed
Queue 15:closed
Queue 16:closed
Queue 17:closed
Queue 18:closed
Queue 19:closed
Queue 20:closed
Time: 144
Waiting clients: 
Queue 1:closed
Queue 2:closed
Queue 3:closed
Queue 4:closed
Queue 5:closed
Queue 6:closed
Queue 7:closed
Queue 8:closed
Queue 9:closed
Queue 10:closed
Queue 11:closed
Queue 12:closed
Queue 13:closed
Queue 14:closed
Queue 15:closed
Queue 16:closed
Queue 17:closed
Queue 18:closed
Queue 19:closed
Queue 20:closed
Time: 145
Waiting clients: 
Queue 1:closed
Queue 2:closed
Queue 3:closed
Queue 4:closed
Queue 5:closed
Queue 6:closed
Queue 7:closed
Queue 8:closed
Queue 9:closed
Queue 10:closed
Queue 11:closed
Queue 12:closed
Queue 13:closed
Queue 14:closed
Queue 15:closed
Queue 16:closed
Queue 17:closed
Queue 18:closed
Queue 19:closed
Queue 20:closed
Time: 146
Waiting clients: 
Queue 1:closed
Queue 2:closed
Queue 3:closed
Queue 4:closed
Queue 5:closed
Queue 6:closed
Queue 7:closed
Queue 8:closed
Queue 9:closed
Queue 10:closed
Queue 11:closed
Queue 12:closed
Queue 13:closed
Queue 14:closed
Queue 15:closed
Queue 16:closed
Queue 17:closed
Queue 18:closed
Queue 19:closed
Queue 20:closed
Time: 147
Waiting clients: 
Queue 1:closed
Queue 2:closed
Queue 3:closed
Queue 4:closed
Queue 5:closed
Queue 6:closed
Queue 7:closed
Queue 8:closed
Queue 9:closed
Queue 10:closed
Queue 11:closed
Queue 12:closed
Queue 13:closed
Queue 14:closed
Queue 15:closed
Queue 16:closed
Queue 17:closed
Queue 18:closed
Queue 19:closed
Queue 20:closed
Time: 148
Waiting clients: 
Queue 1:closed
Queue 2:closed
Queue 3:closed
Queue 4:closed
Queue 5:closed
Queue 6:closed
Queue 7:closed
Queue 8:closed
Queue 9:closed
Queue 10:closed
Queue 11:closed
Queue 12:closed
Queue 13:closed
Queue 14:closed
Queue 15:closed
Queue 16:closed
Queue 17:closed
Queue 18:closed
Queue 19:closed
Queue 20:closed
Time: 149
Waiting clients: 
Queue 1:closed
Queue 2:closed
Queue 3:closed
Queue 4:closed
Queue 5:closed
Queue 6:closed
Queue 7:closed
Queue 8:closed
Queue 9:closed
Queue 10:closed
Queue 11:closed
Queue 12:closed
Queue 13:closed
Queue 14:closed
Queue 15:closed
Queue 16:closed
Queue 17:closed
Queue 18:closed
Queue 19:closed
Queue 20:closed
Time: 150
Waiting clients: 
Queue 1:closed
Queue 2:closed
Queue 3:closed
Queue 4:closed
Queue 5:closed
Queue 6:closed
Queue 7:closed
Queue 8:closed
Queue 9:closed
Queue 10:closed
Queue 11:closed
Queue 12:closed
Queue 13:closed
Queue 14:closed
Queue 15:closed
Queue 16:closed
Queue 17:closed
Queue 18:closed
Queue 19:closed
Queue 20:closed

Average Waiting Time: 3.8758064516129034